,ENSPPAT00000055500,ENSGGOT00000067432,ENSMNET00000020420,ENSRBIT00000002332,ENSPTRT00000104180,ENSTGET00000001772,ENSMFAT00000005474,ENSPTET00000031726,ENSRROT00000017433
ENSPPAT00000055500,1.0,0.9868421052631579,0.8026315789473685,0.8201754385964912,1.0,0.8070175438596491,0.7192982456140351,0.8201754385964912,0.8201754385964912
ENSGGOT00000067432,0.9868421052631579,1.0,0.8070175438596491,0.8245614035087719,0.9868421052631579,0.8114035087719298,0.7192982456140351,0.8245614035087719,0.8245614035087719
ENSMNET00000020420,0.8026315789473685,0.8070175438596491,1.0,0.9780701754385965,0.8026315789473685,0.9692982456140351,0.9035087719298246,0.9692982456140351,0.9780701754385965
ENSRBIT00000002332,0.8201754385964912,0.8245614035087719,0.9780701754385965,1.0,0.8201754385964912,0.9824561403508771,0.8903508771929824,0.9912280701754386,1.0
ENSPTRT00000104180,1.0,0.9868421052631579,0.8026315789473685,0.8201754385964912,1.0,0.8070175438596491,0.7192982456140351,0.8201754385964912,0.8201754385964912
ENSTGET00000001772,0.8070175438596491,0.8114035087719298,0.9692982456140351,0.9824561403508771,0.8070175438596491,1.0,0.881578947368421,0.9736842105263158,0.9824561403508771
ENSMFAT00000005474,0.7192982456140351,0.7192982456140351,0.9035087719298246,0.8903508771929824,0.7192982456140351,0.881578947368421,1.0,0.881578947368421,0.8903508771929824
ENSPTET00000031726,0.8201754385964912,0.8245614035087719,0.9692982456140351,0.9912280701754386,0.8201754385964912,0.9736842105263158,0.881578947368421,1.0,0.9912280701754386
ENSRROT00000017433,0.8201754385964912,0.8245614035087719,0.9780701754385965,1.0,0.8201754385964912,0.9824561403508771,0.8903508771929824,0.9912280701754386,1.0
