	ENSSTOT00000041363	ENSSTOT00000033462	ENSSTOT00000006201	ENSSDAT00000027740	ENSUPAT00010025250	ENSSDAT00000027734	ENSUPAT00010025239	ENSSDAT00000027736	ENSUPAT00010025249
ENSSTOT00000041363	1.0	0.9661016949152542	0.8531073446327684	0.8512241054613936	0.8502824858757062	0.9981167608286252	0.9971751412429378	0.9642184557438794	0.963276836158192
ENSSTOT00000033462	0.9661016949152542	1.0	0.8870056497175142	0.8851224105461394	0.884180790960452	0.9642184557438794	0.963276836158192	0.9981167608286252	0.9971751412429378
ENSSTOT00000006201	0.8531073446327684	0.8870056497175142	1.0	0.9981167608286252	0.9971751412429378	0.8512241054613936	0.8502824858757062	0.8851224105461394	0.884180790960452
ENSSDAT00000027740	0.8512241054613936	0.8851224105461394	0.9981167608286252	1.0	0.995291902071563	0.8531073446327684	0.8483992467043314	0.8870056497175142	0.8822975517890772
ENSUPAT00010025250	0.8502824858757062	0.884180790960452	0.9971751412429378	0.995291902071563	1.0	0.8483992467043314	0.8531073446327684	0.8822975517890772	0.8870056497175142
ENSSDAT00000027734	0.9981167608286252	0.9642184557438794	0.8512241054613936	0.8531073446327684	0.8483992467043314	1.0	0.995291902071563	0.9661016949152542	0.9613935969868174
ENSUPAT00010025239	0.9971751412429378	0.963276836158192	0.8502824858757062	0.8483992467043314	0.8531073446327684	0.995291902071563	1.0	0.9613935969868174	0.9661016949152542
ENSSDAT00000027736	0.9642184557438794	0.9981167608286252	0.8851224105461394	0.8870056497175142	0.8822975517890772	0.9661016949152542	0.9613935969868174	1.0	0.995291902071563
ENSUPAT00010025249	0.963276836158192	0.9971751412429378	0.884180790960452	0.8822975517890772	0.8870056497175142	0.9613935969868174	0.9661016949152542	0.995291902071563	1.0
