,ENSCPUT00000022163,ENSPVIT00000013450,ENSSMRT00000034630,ENSPVIT00000013449,ENSMUNT00000023488,ENSSPUT00000010830,ENSCPGT00000011412
ENSCPUT00000022163,1.0,0.43882978723404253,0.5797872340425532,0.3730053191489362,0.6482712765957447,0.7839095744680851,0.7393617021276596
ENSPVIT00000013450,0.43882978723404253,1.0,0.48404255319148937,0.9281914893617021,0.23071808510638303,0.44747340425531923,0.2732712765957447
ENSSMRT00000034630,0.5797872340425532,0.48404255319148937,1.0,0.42220744680851063,0.38497340425531923,0.5831117021276596,0.4208776595744681
ENSPVIT00000013449,0.3730053191489362,0.9281914893617021,0.42220744680851063,1.0,0.16688829787234039,0.38430851063829785,0.22938829787234039
ENSMUNT00000023488,0.6482712765957447,0.23071808510638303,0.38497340425531923,0.16688829787234039,1.0,0.5678191489361702,0.8783244680851063
ENSSPUT00000010830,0.7839095744680851,0.44747340425531923,0.5831117021276596,0.38430851063829785,0.5678191489361702,1.0,0.605718085106383
ENSCPGT00000011412,0.7393617021276596,0.2732712765957447,0.4208776595744681,0.22938829787234039,0.8783244680851063,0.605718085106383,1.0
