,C45G7.1.1,C55F2.2.1,FBtr0087044,FBtr0087045,F22A3.6a.1,FBtr0087043
C45G7.1.1,1.0,0.4538152610441767,0.2981927710843373,0.286144578313253,0.6164658634538153,0.29216867469879526
C55F2.2.1,0.4538152610441767,1.0,0.27409638554216875,0.3674698795180723,0.5682730923694779,0.42269076305220876
FBtr0087044,0.2981927710843373,0.27409638554216875,1.0,0.6475903614457831,0.33333333333333326,0.641566265060241
FBtr0087045,0.286144578313253,0.3674698795180723,0.6475903614457831,1.0,0.42771084337349397,0.7108433734939759
F22A3.6a.1,0.6164658634538153,0.5682730923694779,0.33333333333333326,0.42771084337349397,1.0,0.42469879518072284
FBtr0087043,0.29216867469879526,0.42269076305220876,0.641566265060241,0.7108433734939759,0.42469879518072284,1.0
