,ENSCMIT00000006660,ENSLACT00000026659,ENSCMIT00000006662,T25F10.5.1,FBtr0078058,ENSCMIT00000006659,ENSECRT00000019095
ENSCMIT00000006660,1.0,0.8159027601924538,0.9559382122056217,0.7194226386426944,0.4611293998480628,0.962268928842745,0.8318561661180045
ENSLACT00000026659,0.8159027601924538,1.0,0.8523676880222841,0.6634591035705242,0.42010635603950375,0.8169156748543935,0.8318561661180045
ENSCMIT00000006662,0.9559382122056217,0.8523676880222841,1.0,0.7217016966320587,0.45961002785515315,0.9637883008356546,0.8698404659407445
T25F10.5.1,0.7194226386426944,0.6634591035705242,0.7217016966320587,1.0,0.39047860217776653,0.7189161813117245,0.6920739427703216
FBtr0078058,0.4611293998480628,0.42010635603950375,0.45961002785515315,0.39047860217776653,1.0,0.4269435300075969,0.4932894403646493
ENSCMIT00000006659,0.962268928842745,0.8169156748543935,0.9637883008356546,0.7189161813117245,0.4269435300075969,1.0,0.8343884527728539
ENSECRT00000019095,0.8318561661180045,0.8318561661180045,0.8698404659407445,0.6920739427703216,0.4932894403646493,0.8343884527728539,1.0
