,FBtr0074304,FBtr0308604,FBtr0308605,FBtr0074272,FBtr0334044,FBtr0334043,ENSEBUT00000025314
FBtr0074304,1.0,0.5464847848898217,0.5534102833158447,0.5401888772298006,1.0,1.0,0.28037775445960134
FBtr0308604,0.5464847848898217,1.0,0.9918153200419727,0.9508919202518363,0.5464847848898217,0.5464847848898217,0.11164742917103887
FBtr0308605,0.5534102833158447,0.9918153200419727,1.0,0.9578174186778594,0.5534102833158447,0.5534102833158447,0.11857292759706195
FBtr0074272,0.5401888772298006,0.9508919202518363,0.9578174186778594,1.0,0.5401888772298006,0.5401888772298006,0.1053515215110179
FBtr0334044,1.0,0.5464847848898217,0.5534102833158447,0.5401888772298006,1.0,1.0,0.28037775445960134
FBtr0334043,1.0,0.5464847848898217,0.5534102833158447,0.5401888772298006,1.0,1.0,0.28037775445960134
ENSEBUT00000025314,0.28037775445960134,0.11164742917103887,0.11857292759706195,0.1053515215110179,0.28037775445960134,0.28037775445960134,1.0
