	ENSPMET00000032142	ENSATET00000027341	ENSOMET00000019814	ENSSDUT00000004203	ENSPMET00000032129	ENSXCOT00000019518
ENSPMET00000032142	1.0	0.6357827476038339	0.4707135250266241	0.7337593184238551	1.0	0.5761448349307774
ENSATET00000027341	0.6357827476038339	1.0	0.5750798722044729	0.7145899893503728	0.6357827476038339	0.6730564430244942
ENSOMET00000019814	0.4707135250266241	0.5750798722044729	1.0	0.5548455804046858	0.4707135250266241	0.7124600638977636
ENSSDUT00000004203	0.7337593184238551	0.7145899893503728	0.5548455804046858	1.0	0.7337593184238551	0.6336528221512248
ENSPMET00000032129	1.0	0.6357827476038339	0.4707135250266241	0.7337593184238551	1.0	0.5761448349307774
ENSXCOT00000019518	0.5761448349307774	0.6730564430244942	0.7124600638977636	0.6336528221512248	0.5761448349307774	1.0
