	ENSPPYT00000009277	ENSPTET00000018204	ENST00000438470	ENST00000396542	ENSRBIT00000040992	ENST00000396545	ENSGGOT00000033499	ENSPPAT00000028841	ENSRROT00000063898	ENST00000338784	ENSRROT00000063873	ENSPTET00000018188	ENST00000436057	ENSRROT00000063878	ENSRBIT00000041001	ENSGGOT00000011575	ENST00000483039	ENSRBIT00000041007	ENSPTET00000018201	ENSNLET00000037528	ENSGGOT00000052806	ENSNLET00000056591	ENST00000349228	ENSPTRT00000016018	ENST00000625791	ENSPPAT00000028852	ENST00000380535	ENSRROT00000063883	ENSPPAT00000028858	ENSPTET00000018195	ENSRBIT00000040991	ENSPTRT00000080791	ENSGGOT00000045648	ENSNLET00000012158	ENSPTRT00000099919	ENSNLET00000057498	ENSPTRT00000100508	ENSPPAT00000028844
ENSPPYT00000009277	1.0	0.8618421052631579	0.593421052631579	0.8118421052631579	0.9144736842105264	0.9578947368421052	0.963157894736842	0.9894736842105264	0.8710526315789474	0.988157894736842	0.9763157894736842	0.9697368421052632	0.6236842105263158	0.9763157894736842	0.9473684210526316	0.9934210526315791	0.4605263157894737	0.8723684210526316	0.9092105263157896	0.8815789473684209	0.9315789473684212	0.9236842105263158	0.9263157894736842	0.9894736842105264	0.8776315789473684	0.9276315789473684	0.8815789473684209	0.913157894736842	0.8828947368421053	0.9394736842105263	0.9776315789473684	0.9592105263157896	0.8868421052631579	0.9855263157894736	0.9276315789473684	0.9552631578947368	0.8828947368421053	0.9592105263157896
ENSPTET00000018204	0.8618421052631579	1.0	0.4855263157894737	0.9052631578947368	0.8342105263157895	0.8289473684210527	0.8342105263157895	0.8605263157894737	0.988157894736842	0.8592105263157894	0.8815789473684209	0.8894736842105263	0.5026315789473684	0.8815789473684209	0.8526315789473684	0.8644736842105263	0.5644736842105263	0.9894736842105264	0.8394736842105263	0.9697368421052632	0.8157894736842105	0.8157894736842105	0.8105263157894737	0.8605263157894737	0.9697368421052632	0.8118421052631579	0.9657894736842104	0.8328947368421052	0.9671052631578948	0.8592105263157894	0.8828947368421053	0.8302631578947368	0.9710526315789474	0.8631578947368421	0.8118421052631579	0.8328947368421052	0.9671052631578948	0.8302631578947368
ENST00000438470	0.593421052631579	0.4855263157894737	1.0	0.5710526315789474	0.6473684210526316	0.6131578947368421	0.6078947368421053	0.6	0.4842105263157894	0.6013157894736842	0.5842105263157895	0.5815789473684211	0.9052631578947368	0.5842105263157895	0.5960526315789474	0.5960526315789474	0.325	0.4842105263157894	0.6447368421052632	0.4881578947368421	0.6592105263157895	0.65	0.6644736842105263	0.6	0.5039473684210526	0.6631578947368421	0.5	0.6473684210526316	0.4986842105263158	0.593421052631579	0.5842105263157895	0.6118421052631579	0.4947368421052632	0.5868421052631579	0.6631578947368421	0.5986842105263158	0.4986842105263158	0.6118421052631579
ENST00000396542	0.8118421052631579	0.9052631578947368	0.5710526315789474	1.0	0.7513157894736842	0.7921052631578948	0.7868421052631579	0.8210526315789474	0.9052631578947368	0.8223684210526315	0.7986842105263158	0.7947368421052632	0.5894736842105263	0.7986842105263158	0.7697368421052632	0.8171052631578948	0.6407894736842106	0.9065789473684209	0.7460526315789474	0.9144736842105264	0.7671052631578947	0.7605263157894737	0.7723684210526316	0.8210526315789474	0.9328947368421052	0.7710526315789473	0.9289473684210526	0.75	0.9276315789473684	0.7644736842105263	0.8	0.7907894736842105	0.9236842105263158	0.8078947368421052	0.7710526315789473	0.7776315789473685	0.9276315789473684	0.7907894736842105
ENSRBIT00000040992	0.9144736842105264	0.8342105263157895	0.6473684210526316	0.7513157894736842	1.0	0.8815789473684209	0.8868421052631579	0.913157894736842	0.8342105263157895	0.911842105263158	0.9355263157894737	0.9315789473684212	0.5526315789473685	0.9355263157894737	0.9065789473684209	0.9171052631578948	0.5197368421052632	0.8355263157894737	0.9947368421052633	0.8171052631578948	0.9802631578947368	0.9802631578947368	0.975	0.913157894736842	0.8157894736842105	0.9763157894736842	0.8118421052631579	0.9986842105263158	0.8131578947368421	0.9013157894736842	0.936842105263158	0.8828947368421053	0.8171052631578948	0.9171052631578948	0.9763157894736842	0.8868421052631579	0.8131578947368421	0.8828947368421053
ENST00000396545	0.9578947368421052	0.8289473684210527	0.6131578947368421	0.7921052631578948	0.8815789473684209	1.0	0.9947368421052633	0.9684210526315791	0.8368421052631579	0.9697368421052632	0.9421052631578948	0.936842105263158	0.6447368421052632	0.9421052631578948	0.9736842105263158	0.9644736842105264	0.4328947368421052	0.8381578947368421	0.8763157894736842	0.8473684210526315	0.9013157894736842	0.8907894736842106	0.9065789473684209	0.9684210526315791	0.8592105263157894	0.9052631578947368	0.8631578947368421	0.8802631578947369	0.8618421052631579	0.9671052631578948	0.9434210526315788	0.9986842105263158	0.8578947368421053	0.9513157894736842	0.9052631578947368	0.9815789473684212	0.8618421052631579	0.9986842105263158
ENSGGOT00000033499	0.963157894736842	0.8342105263157895	0.6078947368421053	0.7868421052631579	0.8868421052631579	0.9947368421052633	1.0	0.9657894736842104	0.8421052631578947	0.9644736842105264	0.9473684210526316	0.9421052631578948	0.6394736842105263	0.9473684210526316	0.9789473684210528	0.9697368421052632	0.43157894736842106	0.8434210526315791	0.8815789473684209	0.8526315789473684	0.9065789473684209	0.8960526315789473	0.9013157894736842	0.9657894736842104	0.8539473684210527	0.9026315789473685	0.8578947368421053	0.8855263157894737	0.8592105263157894	0.9723684210526315	0.9486842105263158	0.9960526315789474	0.8631578947368421	0.9565789473684212	0.9026315789473685	0.986842105263158	0.8592105263157894	0.9960526315789474
ENSPPAT00000028841	0.9894736842105264	0.8605263157894737	0.6	0.8210526315789474	0.913157894736842	0.9684210526315791	0.9657894736842104	1.0	0.8684210526315791	0.9986842105263158	0.9736842105263158	0.9684210526315791	0.631578947368421	0.9736842105263158	0.9447368421052632	0.9960526315789474	0.4631578947368421	0.8697368421052631	0.9078947368421052	0.8789473684210526	0.9328947368421052	0.9223684210526316	0.9355263157894737	1.0	0.8881578947368421	0.936842105263158	0.8921052631578947	0.911842105263158	0.8934210526315789	0.938157894736842	0.975	0.9697368421052632	0.8894736842105263	0.9828947368421052	0.936842105263158	0.9526315789473684	0.8934210526315789	0.9697368421052632
ENSRROT00000063898	0.8710526315789474	0.988157894736842	0.4842105263157894	0.9052631578947368	0.8342105263157895	0.8368421052631579	0.8421052631578947	0.8684210526315791	1.0	0.8671052631578947	0.8934210526315789	0.8855263157894737	0.5092105263157894	0.8934210526315789	0.8618421052631579	0.8723684210526316	0.5618421052631579	0.9986842105263158	0.8289473684210527	0.9789473684210528	0.8157894736842105	0.8157894736842105	0.8105263157894737	0.8684210526315791	0.9697368421052632	0.8118421052631579	0.9736842105263158	0.8355263157894737	0.975	0.8552631578947368	0.8921052631578947	0.8381578947368421	0.9789473684210528	0.8723684210526316	0.8118421052631579	0.8421052631578947	0.975	0.8381578947368421
ENST00000338784	0.988157894736842	0.8592105263157894	0.6013157894736842	0.8223684210526315	0.911842105263158	0.9697368421052632	0.9644736842105264	0.9986842105263158	0.8671052631578947	1.0	0.9723684210526315	0.9671052631578948	0.6328947368421053	0.9723684210526315	0.9434210526315788	0.9947368421052633	0.4631578947368421	0.8684210526315791	0.9065789473684209	0.8776315789473684	0.9315789473684212	0.9210526315789472	0.936842105263158	0.9986842105263158	0.8894736842105263	0.9355263157894737	0.8934210526315789	0.9105263157894736	0.8921052631578947	0.936842105263158	0.9736842105263158	0.9684210526315791	0.8881578947368421	0.9815789473684212	0.9355263157894737	0.9513157894736842	0.8921052631578947	0.9684210526315791
ENSRROT00000063873	0.9763157894736842	0.8815789473684209	0.5842105263157895	0.7986842105263158	0.9355263157894737	0.9421052631578948	0.9473684210526316	0.9736842105263158	0.8934210526315789	0.9723684210526315	1.0	0.9907894736842106	0.6144736842105263	1.0	0.9684210526315791	0.9776315789473684	0.4552631578947368	0.8921052631578947	0.9302631578947368	0.8723684210526316	0.9157894736842104	0.9157894736842104	0.9105263157894736	0.9736842105263158	0.8631578947368421	0.911842105263158	0.8671052631578947	0.936842105263158	0.8684210526315791	0.9605263157894736	0.9986842105263158	0.9434210526315788	0.8723684210526316	0.9776315789473684	0.911842105263158	0.9473684210526316	0.8684210526315791	0.9434210526315788
ENSPTET00000018188	0.9697368421052632	0.8894736842105263	0.5815789473684211	0.7947368421052632	0.9315789473684212	0.936842105263158	0.9421052631578948	0.9684210526315791	0.8855263157894737	0.9671052631578948	0.9907894736842106	1.0	0.6105263157894737	0.9907894736842106	0.961842105263158	0.9723684210526315	0.4539473684210527	0.8868421052631579	0.936842105263158	0.8671052631578947	0.911842105263158	0.911842105263158	0.9065789473684209	0.9684210526315791	0.8592105263157894	0.9078947368421052	0.8631578947368421	0.9302631578947368	0.8644736842105263	0.9697368421052632	0.9921052631578948	0.938157894736842	0.8684210526315791	0.9710526315789474	0.9078947368421052	0.9407894736842104	0.8644736842105263	0.938157894736842
ENST00000436057	0.6236842105263158	0.5026315789473684	0.9052631578947368	0.5894736842105263	0.5526315789473685	0.6447368421052632	0.6394736842105263	0.631578947368421	0.5092105263157894	0.6328947368421053	0.6144736842105263	0.6105263157894737	1.0	0.6144736842105263	0.6263157894736842	0.6276315789473684	0.23026315789473684	0.5092105263157894	0.55	0.5118421052631579	0.5644736842105263	0.5552631578947368	0.5697368421052632	0.631578947368421	0.5223684210526316	0.5684210526315789	0.5263157894736842	0.5526315789473685	0.525	0.6223684210526316	0.6144736842105263	0.6434210526315789	0.5210526315789473	0.6157894736842106	0.5684210526315789	0.6276315789473684	0.525	0.6434210526315789
ENSRROT00000063878	0.9763157894736842	0.8815789473684209	0.5842105263157895	0.7986842105263158	0.9355263157894737	0.9421052631578948	0.9473684210526316	0.9736842105263158	0.8934210526315789	0.9723684210526315	1.0	0.9907894736842106	0.6144736842105263	1.0	0.9684210526315791	0.9776315789473684	0.4552631578947368	0.8921052631578947	0.9302631578947368	0.8723684210526316	0.9157894736842104	0.9157894736842104	0.9105263157894736	0.9736842105263158	0.8631578947368421	0.911842105263158	0.8671052631578947	0.936842105263158	0.8684210526315791	0.9605263157894736	0.9986842105263158	0.9434210526315788	0.8723684210526316	0.9776315789473684	0.911842105263158	0.9473684210526316	0.8684210526315791	0.9434210526315788
ENSRBIT00000041001	0.9473684210526316	0.8526315789473684	0.5960526315789474	0.7697368421052632	0.9065789473684209	0.9736842105263158	0.9789473684210528	0.9447368421052632	0.8618421052631579	0.9434210526315788	0.9684210526315791	0.961842105263158	0.6263157894736842	0.9684210526315791	1.0	0.9486842105263158	0.4263157894736842	0.8631578947368421	0.9013157894736842	0.8434210526315791	0.8868421052631579	0.8868421052631579	0.8815789473684209	0.9447368421052632	0.8342105263157895	0.8828947368421053	0.8381578947368421	0.9052631578947368	0.8394736842105263	0.9921052631578948	0.9697368421052632	0.975	0.8434210526315791	0.9486842105263158	0.8828947368421053	0.9789473684210528	0.8394736842105263	0.975
ENSGGOT00000011575	0.9934210526315791	0.8644736842105263	0.5960526315789474	0.8171052631578948	0.9171052631578948	0.9644736842105264	0.9697368421052632	0.9960526315789474	0.8723684210526316	0.9947368421052633	0.9776315789473684	0.9723684210526315	0.6276315789473684	0.9776315789473684	0.9486842105263158	1.0	0.4618421052631578	0.8736842105263158	0.911842105263158	0.8828947368421053	0.936842105263158	0.9263157894736842	0.9315789473684212	0.9960526315789474	0.8842105263157894	0.9328947368421052	0.8881578947368421	0.9157894736842104	0.8894736842105263	0.9421052631578948	0.9789473684210528	0.9657894736842104	0.8934210526315789	0.986842105263158	0.9328947368421052	0.9565789473684212	0.8894736842105263	0.9657894736842104
ENST00000483039	0.4605263157894737	0.5644736842105263	0.325	0.6407894736842106	0.5197368421052632	0.4328947368421052	0.43157894736842106	0.4631578947368421	0.5618421052631579	0.4631578947368421	0.4552631578947368	0.4539473684210527	0.23026315789473684	0.4552631578947368	0.4263157894736842	0.4618421052631578	1.0	0.5631578947368421	0.5171052631578947	0.5684210526315789	0.525	0.525	0.5263157894736842	0.4631578947368421	0.5736842105263158	0.5263157894736842	0.5697368421052632	0.5184210526315789	0.5697368421052632	0.4236842105263158	0.45657894736842103	0.4328947368421052	0.5684210526315789	0.4618421052631578	0.5263157894736842	0.43157894736842106	0.5697368421052632	0.4328947368421052
ENSRBIT00000041007	0.8723684210526316	0.9894736842105264	0.4842105263157894	0.9065789473684209	0.8355263157894737	0.8381578947368421	0.8434210526315791	0.8697368421052631	0.9986842105263158	0.8684210526315791	0.8921052631578947	0.8868421052631579	0.5092105263157894	0.8921052631578947	0.8631578947368421	0.8736842105263158	0.5631578947368421	1.0	0.8302631578947368	0.9802631578947368	0.8171052631578948	0.8171052631578948	0.8118421052631579	0.8697368421052631	0.9710526315789474	0.8131578947368421	0.975	0.8342105263157895	0.9763157894736842	0.8565789473684211	0.8934210526315789	0.8394736842105263	0.9802631578947368	0.8736842105263158	0.8131578947368421	0.8434210526315791	0.9763157894736842	0.8394736842105263
ENSPTET00000018201	0.9092105263157896	0.8394736842105263	0.6447368421052632	0.7460526315789474	0.9947368421052633	0.8763157894736842	0.8815789473684209	0.9078947368421052	0.8289473684210527	0.9065789473684209	0.9302631578947368	0.936842105263158	0.55	0.9302631578947368	0.9013157894736842	0.911842105263158	0.5171052631578947	0.8302631578947368	1.0	0.8118421052631579	0.975	0.975	0.9697368421052632	0.9078947368421052	0.8105263157894737	0.9710526315789474	0.8065789473684211	0.9934210526315791	0.8078947368421052	0.9065789473684209	0.9315789473684212	0.8776315789473684	0.8118421052631579	0.911842105263158	0.9710526315789474	0.8815789473684209	0.8078947368421052	0.8776315789473684
ENSNLET00000037528	0.8815789473684209	0.9697368421052632	0.4881578947368421	0.9144736842105264	0.8171052631578948	0.8473684210526315	0.8526315789473684	0.8789473684210526	0.9789473684210528	0.8776315789473684	0.8723684210526316	0.8671052631578947	0.5118421052631579	0.8723684210526316	0.8434210526315791	0.8828947368421053	0.5684210526315789	0.9802631578947368	0.8118421052631579	1.0	0.8276315789473684	0.8355263157894737	0.8223684210526315	0.8789473684210526	0.9802631578947368	0.8236842105263158	0.9842105263157894	0.8157894736842105	0.9855263157894736	0.8368421052631579	0.8736842105263158	0.8486842105263158	0.9894736842105264	0.8934210526315789	0.8236842105263158	0.8631578947368421	0.9855263157894736	0.8486842105263158
ENSGGOT00000052806	0.9315789473684212	0.8157894736842105	0.6592105263157895	0.7671052631578947	0.9802631578947368	0.9013157894736842	0.9065789473684209	0.9328947368421052	0.8157894736842105	0.9315789473684212	0.9157894736842104	0.911842105263158	0.5644736842105263	0.9157894736842104	0.8868421052631579	0.936842105263158	0.525	0.8171052631578948	0.975	0.8276315789473684	1.0	0.9894736842105264	0.9947368421052633	0.9328947368421052	0.8342105263157895	0.9960526315789474	0.8302631578947368	0.9789473684210528	0.8315789473684211	0.8815789473684209	0.9171052631578948	0.9026315789473685	0.8355263157894737	0.9263157894736842	0.9960526315789474	0.8960526315789473	0.8315789473684211	0.9026315789473685
ENSNLET00000056591	0.9236842105263158	0.8157894736842105	0.65	0.7605263157894737	0.9802631578947368	0.8907894736842106	0.8960526315789473	0.9223684210526316	0.8157894736842105	0.9210526315789472	0.9157894736842104	0.911842105263158	0.5552631578947368	0.9157894736842104	0.8868421052631579	0.9263157894736842	0.525	0.8171052631578948	0.975	0.8355263157894737	0.9894736842105264	1.0	0.9842105263157894	0.9223684210526316	0.8263157894736842	0.9855263157894736	0.8223684210526315	0.9789473684210528	0.8236842105263158	0.8815789473684209	0.9171052631578948	0.8921052631578947	0.8276315789473684	0.936842105263158	0.9855263157894736	0.9065789473684209	0.8236842105263158	0.8921052631578947
ENST00000349228	0.9263157894736842	0.8105263157894737	0.6644736842105263	0.7723684210526316	0.975	0.9065789473684209	0.9013157894736842	0.9355263157894737	0.8105263157894737	0.936842105263158	0.9105263157894736	0.9065789473684209	0.5697368421052632	0.9105263157894736	0.8815789473684209	0.9315789473684212	0.5263157894736842	0.8118421052631579	0.9697368421052632	0.8223684210526315	0.9947368421052633	0.9842105263157894	1.0	0.9355263157894737	0.8394736842105263	0.9986842105263158	0.8355263157894737	0.9736842105263158	0.8342105263157895	0.8763157894736842	0.911842105263158	0.9052631578947368	0.8302631578947368	0.9210526315789472	0.9986842105263158	0.8907894736842106	0.8342105263157895	0.9052631578947368
ENSPTRT00000016018	0.9894736842105264	0.8605263157894737	0.6	0.8210526315789474	0.913157894736842	0.9684210526315791	0.9657894736842104	1.0	0.8684210526315791	0.9986842105263158	0.9736842105263158	0.9684210526315791	0.631578947368421	0.9736842105263158	0.9447368421052632	0.9960526315789474	0.4631578947368421	0.8697368421052631	0.9078947368421052	0.8789473684210526	0.9328947368421052	0.9223684210526316	0.9355263157894737	1.0	0.8881578947368421	0.936842105263158	0.8921052631578947	0.911842105263158	0.8934210526315789	0.938157894736842	0.975	0.9697368421052632	0.8894736842105263	0.9828947368421052	0.936842105263158	0.9526315789473684	0.8934210526315789	0.9697368421052632
ENST00000625791	0.8776315789473684	0.9697368421052632	0.5039473684210526	0.9328947368421052	0.8157894736842105	0.8592105263157894	0.8539473684210527	0.8881578947368421	0.9697368421052632	0.8894736842105263	0.8631578947368421	0.8592105263157894	0.5223684210526316	0.8631578947368421	0.8342105263157895	0.8842105263157894	0.5736842105263158	0.9710526315789474	0.8105263157894737	0.9802631578947368	0.8342105263157895	0.8263157894736842	0.8394736842105263	0.8881578947368421	1.0	0.8381578947368421	0.9960526315789474	0.8144736842105263	0.9947368421052633	0.8289473684210527	0.8644736842105263	0.8578947368421053	0.9907894736842106	0.8736842105263158	0.8381578947368421	0.8434210526315791	0.9947368421052633	0.8578947368421053
ENSPPAT00000028852	0.9276315789473684	0.8118421052631579	0.6631578947368421	0.7710526315789473	0.9763157894736842	0.9052631578947368	0.9026315789473685	0.936842105263158	0.8118421052631579	0.9355263157894737	0.911842105263158	0.9078947368421052	0.5684210526315789	0.911842105263158	0.8828947368421053	0.9328947368421052	0.5263157894736842	0.8131578947368421	0.9710526315789474	0.8236842105263158	0.9960526315789474	0.9855263157894736	0.9986842105263158	0.936842105263158	0.8381578947368421	1.0	0.8342105263157895	0.975	0.8355263157894737	0.8776315789473684	0.913157894736842	0.9065789473684209	0.8315789473684211	0.9223684210526316	1.0	0.8921052631578947	0.8355263157894737	0.9065789473684209
ENST00000380535	0.8815789473684209	0.9657894736842104	0.5	0.9289473684210526	0.8118421052631579	0.8631578947368421	0.8578947368421053	0.8921052631578947	0.9736842105263158	0.8934210526315789	0.8671052631578947	0.8631578947368421	0.5263157894736842	0.8671052631578947	0.8381578947368421	0.8881578947368421	0.5697368421052632	0.975	0.8065789473684211	0.9842105263157894	0.8302631578947368	0.8223684210526315	0.8355263157894737	0.8921052631578947	0.9960526315789474	0.8342105263157895	1.0	0.8105263157894737	0.9986842105263158	0.8328947368421052	0.8684210526315791	0.8618421052631579	0.9947368421052633	0.8776315789473684	0.8342105263157895	0.8473684210526315	0.9986842105263158	0.8618421052631579
ENSRROT00000063883	0.913157894736842	0.8328947368421052	0.6473684210526316	0.75	0.9986842105263158	0.8802631578947369	0.8855263157894737	0.911842105263158	0.8355263157894737	0.9105263157894736	0.936842105263158	0.9302631578947368	0.5526315789473685	0.936842105263158	0.9052631578947368	0.9157894736842104	0.5184210526315789	0.8342105263157895	0.9934210526315791	0.8157894736842105	0.9789473684210528	0.9789473684210528	0.9736842105263158	0.911842105263158	0.8144736842105263	0.975	0.8105263157894737	1.0	0.8118421052631579	0.9	0.9355263157894737	0.8815789473684209	0.8157894736842105	0.9157894736842104	0.975	0.8855263157894737	0.8118421052631579	0.8815789473684209
ENSPPAT00000028858	0.8828947368421053	0.9671052631578948	0.4986842105263158	0.9276315789473684	0.8131578947368421	0.8618421052631579	0.8592105263157894	0.8934210526315789	0.975	0.8921052631578947	0.8684210526315791	0.8644736842105263	0.525	0.8684210526315791	0.8394736842105263	0.8894736842105263	0.5697368421052632	0.9763157894736842	0.8078947368421052	0.9855263157894736	0.8315789473684211	0.8236842105263158	0.8342105263157895	0.8934210526315789	0.9947368421052633	0.8355263157894737	0.9986842105263158	0.8118421052631579	1.0	0.8342105263157895	0.8697368421052631	0.8631578947368421	0.9960526315789474	0.8789473684210526	0.8355263157894737	0.8486842105263158	1.0	0.8631578947368421
ENSPTET00000018195	0.9394736842105263	0.8592105263157894	0.593421052631579	0.7644736842105263	0.9013157894736842	0.9671052631578948	0.9723684210526315	0.938157894736842	0.8552631578947368	0.936842105263158	0.9605263157894736	0.9697368421052632	0.6223684210526316	0.9605263157894736	0.9921052631578948	0.9421052631578948	0.4236842105263158	0.8565789473684211	0.9065789473684209	0.8368421052631579	0.8815789473684209	0.8815789473684209	0.8763157894736842	0.938157894736842	0.8289473684210527	0.8776315789473684	0.8328947368421052	0.9	0.8342105263157895	1.0	0.961842105263158	0.9684210526315791	0.8381578947368421	0.9407894736842104	0.8776315789473684	0.9710526315789474	0.8342105263157895	0.9684210526315791
ENSRBIT00000040991	0.9776315789473684	0.8828947368421053	0.5842105263157895	0.8	0.936842105263158	0.9434210526315788	0.9486842105263158	0.975	0.8921052631578947	0.9736842105263158	0.9986842105263158	0.9921052631578948	0.6144736842105263	0.9986842105263158	0.9697368421052632	0.9789473684210528	0.45657894736842103	0.8934210526315789	0.9315789473684212	0.8736842105263158	0.9171052631578948	0.9171052631578948	0.911842105263158	0.975	0.8644736842105263	0.913157894736842	0.8684210526315791	0.9355263157894737	0.8697368421052631	0.961842105263158	1.0	0.9447368421052632	0.8736842105263158	0.9789473684210528	0.913157894736842	0.9486842105263158	0.8697368421052631	0.9447368421052632
ENSPTRT00000080791	0.9592105263157896	0.8302631578947368	0.6118421052631579	0.7907894736842105	0.8828947368421053	0.9986842105263158	0.9960526315789474	0.9697368421052632	0.8381578947368421	0.9684210526315791	0.9434210526315788	0.938157894736842	0.6434210526315789	0.9434210526315788	0.975	0.9657894736842104	0.4328947368421052	0.8394736842105263	0.8776315789473684	0.8486842105263158	0.9026315789473685	0.8921052631578947	0.9052631578947368	0.9697368421052632	0.8578947368421053	0.9065789473684209	0.8618421052631579	0.8815789473684209	0.8631578947368421	0.9684210526315791	0.9447368421052632	1.0	0.8592105263157894	0.9526315789473684	0.9065789473684209	0.9828947368421052	0.8631578947368421	1.0
ENSGGOT00000045648	0.8868421052631579	0.9710526315789474	0.4947368421052632	0.9236842105263158	0.8171052631578948	0.8578947368421053	0.8631578947368421	0.8894736842105263	0.9789473684210528	0.8881578947368421	0.8723684210526316	0.8684210526315791	0.5210526315789473	0.8723684210526316	0.8434210526315791	0.8934210526315789	0.5684210526315789	0.9802631578947368	0.8118421052631579	0.9894736842105264	0.8355263157894737	0.8276315789473684	0.8302631578947368	0.8894736842105263	0.9907894736842106	0.8315789473684211	0.9947368421052633	0.8157894736842105	0.9960526315789474	0.8381578947368421	0.8736842105263158	0.8592105263157894	1.0	0.8828947368421053	0.8315789473684211	0.8526315789473684	0.9960526315789474	0.8592105263157894
ENSNLET00000012158	0.9855263157894736	0.8631578947368421	0.5868421052631579	0.8078947368421052	0.9171052631578948	0.9513157894736842	0.9565789473684212	0.9828947368421052	0.8723684210526316	0.9815789473684212	0.9776315789473684	0.9710526315789474	0.6157894736842106	0.9776315789473684	0.9486842105263158	0.986842105263158	0.4618421052631578	0.8736842105263158	0.911842105263158	0.8934210526315789	0.9263157894736842	0.936842105263158	0.9210526315789472	0.9828947368421052	0.8736842105263158	0.9223684210526316	0.8776315789473684	0.9157894736842104	0.8789473684210526	0.9407894736842104	0.9789473684210528	0.9526315789473684	0.8828947368421053	1.0	0.9223684210526316	0.9697368421052632	0.8789473684210526	0.9526315789473684
ENSPTRT00000099919	0.9276315789473684	0.8118421052631579	0.6631578947368421	0.7710526315789473	0.9763157894736842	0.9052631578947368	0.9026315789473685	0.936842105263158	0.8118421052631579	0.9355263157894737	0.911842105263158	0.9078947368421052	0.5684210526315789	0.911842105263158	0.8828947368421053	0.9328947368421052	0.5263157894736842	0.8131578947368421	0.9710526315789474	0.8236842105263158	0.9960526315789474	0.9855263157894736	0.9986842105263158	0.936842105263158	0.8381578947368421	1.0	0.8342105263157895	0.975	0.8355263157894737	0.8776315789473684	0.913157894736842	0.9065789473684209	0.8315789473684211	0.9223684210526316	1.0	0.8921052631578947	0.8355263157894737	0.9065789473684209
ENSNLET00000057498	0.9552631578947368	0.8328947368421052	0.5986842105263158	0.7776315789473685	0.8868421052631579	0.9815789473684212	0.986842105263158	0.9526315789473684	0.8421052631578947	0.9513157894736842	0.9473684210526316	0.9407894736842104	0.6276315789473684	0.9473684210526316	0.9789473684210528	0.9565789473684212	0.43157894736842106	0.8434210526315791	0.8815789473684209	0.8631578947368421	0.8960526315789473	0.9065789473684209	0.8907894736842106	0.9526315789473684	0.8434210526315791	0.8921052631578947	0.8473684210526315	0.8855263157894737	0.8486842105263158	0.9710526315789474	0.9486842105263158	0.9828947368421052	0.8526315789473684	0.9697368421052632	0.8921052631578947	1.0	0.8486842105263158	0.9828947368421052
ENSPTRT00000100508	0.8828947368421053	0.9671052631578948	0.4986842105263158	0.9276315789473684	0.8131578947368421	0.8618421052631579	0.8592105263157894	0.8934210526315789	0.975	0.8921052631578947	0.8684210526315791	0.8644736842105263	0.525	0.8684210526315791	0.8394736842105263	0.8894736842105263	0.5697368421052632	0.9763157894736842	0.8078947368421052	0.9855263157894736	0.8315789473684211	0.8236842105263158	0.8342105263157895	0.8934210526315789	0.9947368421052633	0.8355263157894737	0.9986842105263158	0.8118421052631579	1.0	0.8342105263157895	0.8697368421052631	0.8631578947368421	0.9960526315789474	0.8789473684210526	0.8355263157894737	0.8486842105263158	1.0	0.8631578947368421
ENSPPAT00000028844	0.9592105263157896	0.8302631578947368	0.6118421052631579	0.7907894736842105	0.8828947368421053	0.9986842105263158	0.9960526315789474	0.9697368421052632	0.8381578947368421	0.9684210526315791	0.9434210526315788	0.938157894736842	0.6434210526315789	0.9434210526315788	0.975	0.9657894736842104	0.4328947368421052	0.8394736842105263	0.8776315789473684	0.8486842105263158	0.9026315789473685	0.8921052631578947	0.9052631578947368	0.9697368421052632	0.8578947368421053	0.9065789473684209	0.8618421052631579	0.8815789473684209	0.8631578947368421	0.9684210526315791	0.9447368421052632	1.0	0.8592105263157894	0.9526315789473684	0.9065789473684209	0.9828947368421052	0.8631578947368421	1.0
