	ENSTGET00000013296	ENSCSAT00000007092	ENSMMUT00000027048	ENSPTET00000055559	ENSPPYT00000015298	ENSNLET00000009300	ENSPPAT00000029209	ENST00000236979	ENSPTRT00000023923
ENSTGET00000013296	1.0	0.988095238095238	0.988095238095238	0.9523809523809524	0.9761904761904762	0.9702380952380952	0.9761904761904762	0.9821428571428572	0.9761904761904762
ENSCSAT00000007092	0.988095238095238	1.0	1.0	0.9642857142857144	0.9761904761904762	0.9702380952380952	0.9761904761904762	0.9821428571428572	0.9761904761904762
ENSMMUT00000027048	0.988095238095238	1.0	1.0	0.9642857142857144	0.9761904761904762	0.9702380952380952	0.9761904761904762	0.9821428571428572	0.9761904761904762
ENSPTET00000055559	0.9523809523809524	0.9642857142857144	0.9642857142857144	1.0	0.9404761904761904	0.9345238095238096	0.9404761904761904	0.9464285714285714	0.9404761904761904
ENSPPYT00000015298	0.9761904761904762	0.9761904761904762	0.9761904761904762	0.9404761904761904	1.0	0.9821428571428572	0.988095238095238	0.9940476190476192	0.988095238095238
ENSNLET00000009300	0.9702380952380952	0.9702380952380952	0.9702380952380952	0.9345238095238096	0.9821428571428572	1.0	0.9821428571428572	0.988095238095238	0.9821428571428572
ENSPPAT00000029209	0.9761904761904762	0.9761904761904762	0.9761904761904762	0.9404761904761904	0.988095238095238	0.9821428571428572	1.0	0.9940476190476192	1.0
ENST00000236979	0.9821428571428572	0.9821428571428572	0.9821428571428572	0.9464285714285714	0.9940476190476192	0.988095238095238	0.9940476190476192	1.0	0.9940476190476192
ENSPTRT00000023923	0.9761904761904762	0.9761904761904762	0.9761904761904762	0.9404761904761904	0.988095238095238	0.9821428571428572	1.0	0.9940476190476192	1.0
