,FBtr0075801,ENSHHUT00000027335,T01B11.2a.1,T01B11.2a.2,ENSHHUT00000021108,ENSCINT00000011484
FBtr0075801,1.0,0.7572125152377083,0.8228362454286875,0.8228362454286875,0.6672084518488419,0.6365298659081674
ENSHHUT00000027335,0.7572125152377083,1.0,0.7795611540024381,0.7795611540024381,0.7578220235676554,0.6182446160097521
T01B11.2a.1,0.8228362454286875,0.7795611540024381,1.0,1.0,0.6984965461194637,0.6554246241365299
T01B11.2a.2,0.8228362454286875,0.7795611540024381,1.0,1.0,0.6984965461194637,0.6554246241365299
ENSHHUT00000021108,0.6672084518488419,0.7578220235676554,0.6984965461194637,0.6984965461194637,1.0,0.7039821210889882
ENSCINT00000011484,0.6365298659081674,0.6182446160097521,0.6554246241365299,0.6554246241365299,0.7039821210889882,1.0
