	ENSDCDT00000008839	ENSPNAT00000027627	ENSTNIT00000019566	ENSDART00000155267	ENSGACT00000015015	ENSGACT00000015013
ENSDCDT00000008839	1.0	0.4764379764379765	0.4760914760914761	0.502079002079002	0.1777546777546778	0.1424116424116424
ENSPNAT00000027627	0.4764379764379765	1.0	0.4383229383229384	0.5783090783090783	0.2442827442827443	0.2016632016632016
ENSTNIT00000019566	0.4760914760914761	0.4383229383229384	1.0	0.4712404712404712	0.23180873180873185	0.14934164934164929
ENSDART00000155267	0.502079002079002	0.5783090783090783	0.4712404712404712	1.0	0.17671517671517667	0.13132363132363134
ENSGACT00000015015	0.1777546777546778	0.2442827442827443	0.23180873180873185	0.17671517671517667	1.0	0.5564795564795565
ENSGACT00000015013	0.1424116424116424	0.2016632016632016	0.14934164934164929	0.13132363132363134	0.5564795564795565	1.0
