,ENSCHAT00000051409,ENSDCDT00000029807,ENSDCDT00000060259,ENSCHAT00000051421,ENSDCDT00000060252,ENSDCDT00000060255
ENSCHAT00000051409,1.0,0.49453883495145634,0.7026699029126213,0.9593446601941747,0.695995145631068,0.7421116504854369
ENSDCDT00000029807,0.49453883495145634,1.0,0.5533980582524272,0.4896844660194175,0.5898058252427184,0.6055825242718447
ENSDCDT00000060259,0.7026699029126213,0.5533980582524272,1.0,0.7245145631067961,0.8695388349514563,0.9338592233009708
ENSCHAT00000051421,0.9593446601941747,0.4896844660194175,0.7245145631067961,1.0,0.7069174757281553,0.7639563106796117
ENSDCDT00000060252,0.695995145631068,0.5898058252427184,0.8695388349514563,0.7069174757281553,1.0,0.9308252427184466
ENSDCDT00000060255,0.7421116504854369,0.6055825242718447,0.9338592233009708,0.7639563106796117,0.9308252427184466,1.0
