	ENSHHUT00000042904	ENSHHUT00000015972	ENSBSLT00000034896	ENSHHUT00000013365	ENSHHUT00000070874	ENSBSLT00000030610	ENSBSLT00000039953
ENSHHUT00000042904	1.0	0.6548733957682971	0.31009365244536946	0.6153312521678806	0.9715574054804024	0.2754075615678113	0.3655913978494624
ENSHHUT00000015972	0.6548733957682971	1.0	0.3541449878598681	0.9479708636836628	0.6305931321540063	0.34616718695802984	0.4342698577870274
ENSBSLT00000034896	0.31009365244536946	0.3541449878598681	1.0	0.3260492542490461	0.2983003815469997	0.8383628165105793	0.7121054457162678
ENSHHUT00000013365	0.6153312521678806	0.9479708636836628	0.3260492542490461	1.0	0.5910509885535901	0.3204994797086369	0.4304543877904961
ENSHHUT00000070874	0.9715574054804024	0.6305931321540063	0.2983003815469997	0.5910509885535901	1.0	0.2643080124869928	0.3537981269510926
ENSBSLT00000030610	0.2754075615678113	0.34616718695802984	0.8383628165105793	0.3204994797086369	0.2643080124869928	1.0	0.734304543877905
ENSBSLT00000039953	0.3655913978494624	0.4342698577870274	0.7121054457162678	0.4304543877904961	0.3537981269510926	0.734304543877905	1.0
