,ENSPANT00000056044,ENSPSMT00000040975,ENSPSMT00000001593,ENSPTET00000047923,ENSSDAT00000029998,ENSCJAT00000079492
ENSPANT00000056044,1.0,0.9203980099502488,0.9701492537313433,0.9900497512437811,0.9651741293532339,0.9601990049751243
ENSPSMT00000040975,0.9203980099502488,1.0,0.9402985074626866,0.9203980099502488,0.9353233830845771,0.9253731343283582
ENSPSMT00000001593,0.9701492537313433,0.9402985074626866,1.0,0.9701492537313433,0.9751243781094527,0.9601990049751243
ENSPTET00000047923,0.9900497512437811,0.9203980099502488,0.9701492537313433,1.0,0.9651741293532339,0.9601990049751243
ENSSDAT00000029998,0.9651741293532339,0.9353233830845771,0.9751243781094527,0.9651741293532339,1.0,0.9701492537313433
ENSCJAT00000079492,0.9601990049751243,0.9253731343283582,0.9601990049751243,0.9601990049751243,0.9701492537313433,1.0
