,MGP_CAROLIEiJ_T0028314,ENSRNOT00000035948,ENSMSIT00000036800,MGP_SPRETEiJ_T0029709,ENSDORT00000025915,MGP_PahariEiJ_T0035056,ENSMUST00000066408,ENSMUGT00000005231,ENSCCNT00000021628
MGP_CAROLIEiJ_T0028314,1.0,0.9346991037131882,0.9807938540332907,0.9795134443021767,0.7093469910371318,0.971830985915493,0.9820742637644047,0.8924455825864277,0.646606914212548
ENSRNOT00000035948,0.9346991037131882,1.0,0.9436619718309859,0.9346991037131882,0.7170294494238156,0.93854033290653,0.942381562099872,0.8809218950064021,0.6376440460947503
ENSMSIT00000036800,0.9807938540332907,0.9436619718309859,1.0,0.9833546734955185,0.7106274007682458,0.970550576184379,0.998719590268886,0.8937259923175416,0.645326504481434
MGP_SPRETEiJ_T0029709,0.9795134443021767,0.9346991037131882,0.9833546734955185,1.0,0.706786171574904,0.971830985915493,0.9846350832266325,0.8873239436619719,0.6504481434058899
ENSDORT00000025915,0.7093469910371318,0.7170294494238156,0.7106274007682458,0.706786171574904,1.0,0.7106274007682458,0.7119078104993598,0.7221510883482715,0.615877080665813
MGP_PahariEiJ_T0035056,0.971830985915493,0.93854033290653,0.970550576184379,0.971830985915493,0.7106274007682458,1.0,0.971830985915493,0.8886043533930857,0.645326504481434
ENSMUST00000066408,0.9820742637644047,0.942381562099872,0.998719590268886,0.9846350832266325,0.7119078104993598,0.971830985915493,1.0,0.8950064020486556,0.645326504481434
ENSMUGT00000005231,0.8924455825864277,0.8809218950064021,0.8937259923175416,0.8873239436619719,0.7221510883482715,0.8886043533930857,0.8950064020486556,1.0,0.6530089628681178
ENSCCNT00000021628,0.646606914212548,0.6376440460947503,0.645326504481434,0.6504481434058899,0.615877080665813,0.645326504481434,0.645326504481434,0.6530089628681178,1.0
