	ENSRROT00000066545	ENSRROT00000066547	ENSRBIT00000065538	ENSRBIT00000065539	ENSRBIT00000065540	ENSRROT00000066548
ENSRROT00000066545	1.0	0.20159680638722555	1.0	0.5948103792415169	0.20159680638722555	0.5948103792415169
ENSRROT00000066547	0.20159680638722555	1.0	0.20159680638722555	0.44710578842315374	1.0	0.44710578842315374
ENSRBIT00000065538	1.0	0.20159680638722555	1.0	0.5948103792415169	0.20159680638722555	0.5948103792415169
ENSRBIT00000065539	0.5948103792415169	0.44710578842315374	0.5948103792415169	1.0	0.44710578842315374	1.0
ENSRBIT00000065540	0.20159680638722555	1.0	0.20159680638722555	0.44710578842315374	1.0	0.44710578842315374
ENSRROT00000066548	0.5948103792415169	0.44710578842315374	0.5948103792415169	1.0	0.44710578842315374	1.0
