	ENSPRNT00000023707	ENSONIT00000002133	ENSSPAT00000011554	ENSAPOT00000030276	ENSAOCT00000004084	ENSAPET00000002635
ENSPRNT00000023707	1.0	0.7222222222222222	0.76010101010101	0.76010101010101	0.7575757575757576	0.7777777777777778
ENSONIT00000002133	0.7222222222222222	1.0	0.7929292929292929	0.7348484848484849	0.7954545454545454	0.7575757575757576
ENSSPAT00000011554	0.76010101010101	0.7929292929292929	1.0	0.8484848484848485	0.9191919191919192	0.8762626262626263
ENSAPOT00000030276	0.76010101010101	0.7348484848484849	0.8484848484848485	1.0	0.914141414141414	0.952020202020202
ENSAOCT00000004084	0.7575757575757576	0.7954545454545454	0.9191919191919192	0.914141414141414	1.0	0.9570707070707072
ENSAPET00000002635	0.7777777777777778	0.7575757575757576	0.8762626262626263	0.952020202020202	0.9570707070707072	1.0
