,ENSPVIT00000028093,ENSAOWT00000015405,ENSACAT00000012466,ENSSPUT00000019783,ENSSPUT00000019779,ENSSPUT00000019772
ENSPVIT00000028093,1.0,0.6808743169398908,0.36502732240437163,0.7016393442622951,0.780327868852459,0.7169398907103826
ENSAOWT00000015405,0.6808743169398908,1.0,0.47322404371584703,0.7857923497267759,0.8218579234972677,0.8644808743169399
ENSACAT00000012466,0.36502732240437163,0.47322404371584703,1.0,0.41639344262295075,0.45245901639344255,0.4950819672131148
ENSSPUT00000019783,0.7016393442622951,0.7857923497267759,0.41639344262295075,1.0,0.8502732240437159,0.892896174863388
ENSSPUT00000019779,0.780327868852459,0.8218579234972677,0.45245901639344255,0.8502732240437159,1.0,0.9289617486338798
ENSSPUT00000019772,0.7169398907103826,0.8644808743169399,0.4950819672131148,0.892896174863388,0.9289617486338798,1.0
