,ENSMGAT00000008972,ENSHHUT00000013818,ENSCMIT00000035269,ENSCMIT00000035263,ENSCJPT00005018458,ENSCMIT00000035261
ENSMGAT00000008972,1.0,0.07586858898605531,0.380051997163791,0.40605057905932407,0.9820373434176317,0.4670290711415741
ENSHHUT00000013818,0.07586858898605531,1.0,0.47270148900969033,0.4849917277239424,0.07705034270857958,0.41763176554006143
ENSCMIT00000035269,0.380051997163791,0.47270148900969033,1.0,0.9624202316237296,0.3812337508863153,0.8652800756322382
ENSCMIT00000035263,0.40605057905932407,0.4849917277239424,0.9624202316237296,1.0,0.40723233278184834,0.9028598440085086
ENSCJPT00005018458,0.9820373434176317,0.07705034270857958,0.3812337508863153,0.40723233278184834,1.0,0.46844717560860316
ENSCMIT00000035261,0.4670290711415741,0.41763176554006143,0.8652800756322382,0.9028598440085086,0.46844717560860316,1.0
