	F20E11.4.1	C31E10.1.1	R11D1.6.1	R11D1.5.1	ZK285.1.1	Y68A4A.3.1	T01G6.3.1	Y37H2C.4.1	R08C7.7.1
F20E11.4.1	1.0	0.7498072474942175	0.7590593677717811	0.7656129529683886	0.8885890516576715	0.9764841942945258	0.8022359290670779	0.8573631457208943	0.7590593677717811
C31E10.1.1	0.7498072474942175	1.0	0.7397841171935235	0.7170393215111797	0.7602158828064765	0.7536622976098689	0.7274479568234387	0.7266769468003084	0.7713955281418658
R11D1.6.1	0.7590593677717811	0.7397841171935235	1.0	0.8018504240555128	0.7590593677717811	0.7582883577486508	0.7552043176561295	0.7340015420200463	0.7501927525057825
R11D1.5.1	0.7656129529683886	0.7170393215111797	0.8018504240555128	1.0	0.7571318427139553	0.7663839629915189	0.7737085582112567	0.7324595219737856	0.7663839629915189
ZK285.1.1	0.8885890516576715	0.7602158828064765	0.7590593677717811	0.7571318427139553	1.0	0.8947571318427141	0.8037779491133384	0.8535080956052429	0.7559753276792598
Y68A4A.3.1	0.9764841942945258	0.7536622976098689	0.7582883577486508	0.7663839629915189	0.8947571318427141	1.0	0.8022359290670779	0.8562066306861991	0.7613723978411719
T01G6.3.1	0.8022359290670779	0.7274479568234387	0.7552043176561295	0.7737085582112567	0.8037779491133384	0.8022359290670779	1.0	0.7656129529683886	0.7710100231303006
Y37H2C.4.1	0.8573631457208943	0.7266769468003084	0.7340015420200463	0.7324595219737856	0.8535080956052429	0.8562066306861991	0.7656129529683886	1.0	0.7336160370084811
R08C7.7.1	0.7590593677717811	0.7713955281418658	0.7501927525057825	0.7663839629915189	0.7559753276792598	0.7613723978411719	0.7710100231303006	0.7336160370084811	1.0
