,ENSMFAT00000055396,ENSGGOT00000048426,ENSPTRT00000109566,ENSMLET00000061279,ENSCATT00000065407,ENSMNET00000005936,ENSPANT00000052849,ENSPPAT00000056582
ENSMFAT00000055396,1.0,0.6855895196506551,0.6550218340611353,0.8864628820960698,0.9213973799126638,1.0,0.9170305676855895,0.6724890829694323
ENSGGOT00000048426,0.6855895196506551,1.0,0.8296943231441049,0.5895196506550219,0.6200873362445415,0.6855895196506551,0.6157205240174672,0.982532751091703
ENSPTRT00000109566,0.6550218340611353,0.8296943231441049,1.0,0.5633187772925764,0.5851528384279476,0.6550218340611353,0.5895196506550219,0.8427947598253275
ENSMLET00000061279,0.8864628820960698,0.5895196506550219,0.5633187772925764,1.0,0.9563318777292577,0.8864628820960698,0.9432314410480349,0.5764192139737991
ENSCATT00000065407,0.9213973799126638,0.6200873362445415,0.5851528384279476,0.9563318777292577,1.0,0.9213973799126638,0.9781659388646288,0.6026200873362445
ENSMNET00000005936,1.0,0.6855895196506551,0.6550218340611353,0.8864628820960698,0.9213973799126638,1.0,0.9170305676855895,0.6724890829694323
ENSPANT00000052849,0.9170305676855895,0.6157205240174672,0.5895196506550219,0.9432314410480349,0.9781659388646288,0.9170305676855895,1.0,0.6026200873362445
ENSPPAT00000056582,0.6724890829694323,0.982532751091703,0.8427947598253275,0.5764192139737991,0.6026200873362445,0.6724890829694323,0.6026200873362445,1.0
