,ENSPPAT00000061405,ENST00000463201,ENSRROT00000045136,ENSRBIT00000036900,ENSPTRT00000050326,ENSGGOT00000004736,ENST00000433452
ENSPPAT00000061405,1.0,0.9145299145299145,0.8867521367521367,0.8824786324786325,0.844017094017094,0.9594017094017094,0.9722222222222222
ENST00000463201,0.9145299145299145,1.0,0.8354700854700855,0.8311965811965812,0.7777777777777778,0.9038461538461539,0.9423076923076923
ENSRROT00000045136,0.8867521367521367,0.8354700854700855,1.0,0.9957264957264957,0.7521367521367521,0.8910256410256411,0.8910256410256411
ENSRBIT00000036900,0.8824786324786325,0.8311965811965812,0.9957264957264957,1.0,0.7478632478632479,0.8867521367521367,0.8867521367521367
ENSPTRT00000050326,0.844017094017094,0.7777777777777778,0.7521367521367521,0.7478632478632479,1.0,0.8162393162393162,0.8354700854700855
ENSGGOT00000004736,0.9594017094017094,0.9038461538461539,0.8910256410256411,0.8867521367521367,0.8162393162393162,1.0,0.9615384615384616
ENST00000433452,0.9722222222222222,0.9423076923076923,0.8910256410256411,0.8867521367521367,0.8354700854700855,0.9615384615384616,1.0
