	Y63D3A.9b.1	Y63D3A.9a.1	C52E2.1.1	C16C4.6.1	C52E2.6.1	C52E2.7.1
Y63D3A.9b.1	1.0	0.7968851395197923	0.6385463984425698	0.4905905256327061	0.5476963011031798	0.6216742375081116
Y63D3A.9a.1	0.7968851395197923	1.0	0.4432186891628813	0.30175210902011673	0.3530175210902011	0.4263465282284231
C52E2.1.1	0.6385463984425698	0.4432186891628813	1.0	0.6164828033744322	0.5918234912394549	0.6722907203114861
C16C4.6.1	0.4905905256327061	0.30175210902011673	0.6164828033744322	1.0	0.5736534717715769	0.5684620376378975
C52E2.6.1	0.5476963011031798	0.3530175210902011	0.5918234912394549	0.5736534717715769	1.0	0.7508111615833875
C52E2.7.1	0.6216742375081116	0.4263465282284231	0.6722907203114861	0.5684620376378975	0.7508111615833875	1.0
