,ENSMODT00000071872,ENSPCIT00000035249,ENSMEUT00000014457,ENSMODT00000065796,ENSMODT00000012228,ENSVURT00010016715,ENSVURT00010016721
ENSMODT00000071872,1.0,0.6012216404886562,0.18848167539267013,0.891215823152996,0.9659685863874345,0.7719604421175101,0.6785922047702152
ENSPCIT00000035249,0.6012216404886562,1.0,0.39034322280395584,0.575043630017452,0.629435718440954,0.7638161721931356,0.5890052356020943
ENSMEUT00000014457,0.18848167539267013,0.39034322280395584,1.0,0.27196044211751014,0.21524141942990105,0.3086096567771961,0.31820826061663765
ENSMODT00000065796,0.891215823152996,0.575043630017452,0.27196044211751014,1.0,0.9252472367655614,0.7425828970331588,0.7012798138452588
ENSMODT00000012228,0.9659685863874345,0.629435718440954,0.21524141942990105,0.9252472367655614,1.0,0.7995927865037813,0.6445607911576497
ENSVURT00010016715,0.7719604421175101,0.7638161721931356,0.3086096567771961,0.7425828970331588,0.7995927865037813,1.0,0.8112274578243165
ENSVURT00010016721,0.6785922047702152,0.5890052356020943,0.31820826061663765,0.7012798138452588,0.6445607911576497,0.8112274578243165,1.0
