,ENSSFOT00015017753,ENSCHAT00000011276,ENSPKIT00000029200,ENSPKIT00000029223,ENSDCDT00000028732,ENSCHAT00000011231
ENSSFOT00015017753,1.0,0.5622657226155768,0.7630154102457309,0.7280299875052062,0.685131195335277,0.5089546022490629
ENSCHAT00000011276,0.5622657226155768,1.0,0.5572678050812162,0.5222823823406914,0.635985006247397,0.9450229071220325
ENSPKIT00000029200,0.7630154102457309,0.5572678050812162,1.0,0.9650145772594753,0.6697209496043315,0.5039566847147022
ENSPKIT00000029223,0.7280299875052062,0.5222823823406914,0.9650145772594753,1.0,0.6347355268638067,0.4748021657642649
ENSDCDT00000028732,0.685131195335277,0.635985006247397,0.6697209496043315,0.6347355268638067,1.0,0.5810079133694294
ENSCHAT00000011231,0.5089546022490629,0.9450229071220325,0.5039566847147022,0.4748021657642649,0.5810079133694294,1.0
