	ENSSPAT00000007315	ENSSPAT00000007574	ENSSPAT00000007146	ENSSPAT00000007130	ENSSPAT00000007379	ENSSPAT00000006944	ENSSPAT00000007582	ENSSPAT00000007099
ENSSPAT00000007315	1.0	0.6487362281270252	0.3525599481529488	0.5223590408295529	0.6195722618276086	0.3441348023331173	0.6642903434867142	0.4309786130913804
ENSSPAT00000007574	0.6487362281270252	1.0	0.44329228775113416	0.5716137394685677	0.9060272197018796	0.6033700583279326	0.9844458846403112	0.4296824368114063
ENSSPAT00000007146	0.3525599481529488	0.44329228775113416	1.0	0.8029812054439404	0.4659753726506806	0.8101101749837978	0.458846403110823	0.8347375243033053
ENSSPAT00000007130	0.5223590408295529	0.5716137394685677	0.8029812054439404	1.0	0.6215165262475697	0.7647440051847051	0.5871678548282566	0.7893713545042126
ENSSPAT00000007379	0.6195722618276086	0.9060272197018796	0.4659753726506806	0.6215165262475697	1.0	0.6325340246273493	0.9215813350615684	0.4523655217109527
ENSSPAT00000006944	0.3441348023331173	0.6033700583279326	0.8101101749837978	0.7647440051847051	0.6325340246273493	1.0	0.6189241736876215	0.7965003240440699
ENSSPAT00000007582	0.6642903434867142	0.9844458846403112	0.458846403110823	0.5871678548282566	0.9215813350615684	0.6189241736876215	1.0	0.4452365521710953
ENSSPAT00000007099	0.4309786130913804	0.4296824368114063	0.8347375243033053	0.7893713545042126	0.4523655217109527	0.7965003240440699	0.4452365521710953	1.0
