	T28B4.1b.1	T28B4.1a.1	T28B4.1c.2	FBtr0085427	FBtr0333187	T28B4.1c.1	FBtr0085428
T28B4.1b.1	1.0	0.9209174940089012	0.9034577199589182	0.2149948647723382	0.2149948647723382	0.9034577199589182	0.2557343375556316
T28B4.1a.1	0.9209174940089012	1.0	0.8859979459089353	0.19753509072235545	0.19753509072235545	0.8859979459089353	0.19342690859294764
T28B4.1c.2	0.9034577199589182	0.8859979459089353	1.0	0.18007531667237253	0.18007531667237253	1.0	0.17596713454296475
FBtr0085427	0.2149948647723382	0.19753509072235545	0.18007531667237253	1.0	1.0	0.18007531667237253	0.938377268058884
FBtr0333187	0.2149948647723382	0.19753509072235545	0.18007531667237253	1.0	1.0	0.18007531667237253	0.938377268058884
T28B4.1c.1	0.9034577199589182	0.8859979459089353	1.0	0.18007531667237253	0.18007531667237253	1.0	0.17596713454296475
FBtr0085428	0.2557343375556316	0.19342690859294764	0.17596713454296475	0.938377268058884	0.938377268058884	0.17596713454296475	1.0
