	F02D10.1.1	T28C6.6.1	Y57A10A.11.1	T05A1.2.1	C29F4.1.1	Y41D4A.2.1	T28C6.4.1	W01B6.7.1	F58F6.2.1
F02D10.1.1	1.0	0.7580037664783428	0.4369114877589454	0.7212806026365348	0.7594161958568738	0.7471751412429378	0.7580037664783428	0.7627118644067796	0.7080979284369114
T28C6.6.1	0.7580037664783428	1.0	0.5084745762711864	0.8267419962335216	0.9844632768361582	0.9067796610169492	1.0	0.7203389830508474	0.8215630885122409
Y57A10A.11.1	0.4369114877589454	0.5084745762711864	1.0	0.5178907721280602	0.5098870056497176	0.5112994350282486	0.5084745762711864	0.3846516007532956	0.4948210922787194
T05A1.2.1	0.7212806026365348	0.8267419962335216	0.5178907721280602	1.0	0.826271186440678	0.809322033898305	0.8267419962335216	0.6760828625235404	0.7815442561205274
C29F4.1.1	0.7594161958568738	0.9844632768361582	0.5098870056497176	0.826271186440678	1.0	0.905367231638418	0.9844632768361582	0.71939736346516	0.8229755178907722
Y41D4A.2.1	0.7471751412429378	0.9067796610169492	0.5112994350282486	0.809322033898305	0.905367231638418	1.0	0.9067796610169492	0.7010357815442562	0.8107344632768362
T28C6.4.1	0.7580037664783428	1.0	0.5084745762711864	0.8267419962335216	0.9844632768361582	0.9067796610169492	1.0	0.7203389830508474	0.8215630885122409
W01B6.7.1	0.7627118644067796	0.7203389830508474	0.3846516007532956	0.6760828625235404	0.71939736346516	0.7010357815442562	0.7203389830508474	1.0	0.6751412429378532
F58F6.2.1	0.7080979284369114	0.8215630885122409	0.4948210922787194	0.7815442561205274	0.8229755178907722	0.8107344632768362	0.8215630885122409	0.6751412429378532	1.0
