	ENSRBIT00000021357	ENSRROT00000030816	ENSRROT00000030809	ENSRBIT00000021377	ENSPTET00000052819	ENSPTET00000052818
ENSRBIT00000021357	1.0	0.454954954954955	0.9984984984984984	0.454954954954955	0.4534534534534535	0.990990990990991
ENSRROT00000030816	0.454954954954955	1.0	0.454954954954955	1.0	0.9984984984984984	0.4534534534534535
ENSRROT00000030809	0.9984984984984984	0.454954954954955	1.0	0.454954954954955	0.4534534534534535	0.9924924924924924
ENSRBIT00000021377	0.454954954954955	1.0	0.454954954954955	1.0	0.9984984984984984	0.4534534534534535
ENSPTET00000052819	0.4534534534534535	0.9984984984984984	0.4534534534534535	0.9984984984984984	1.0	0.454954954954955
ENSPTET00000052818	0.990990990990991	0.4534534534534535	0.9924924924924924	0.4534534534534535	0.454954954954955	1.0
