	ENSEBUT00000006483	ENSCMIT00000045502	ENSEBUT00000006495	ENSCHAT00000028818	ENSCMIT00000045461	ENSCMIT00000045526	ENSCJPT00005035742
ENSEBUT00000006483	1.0	0.9794545620938958	0.999588176077606	0.9079573533449254	0.9809188249290748	0.9691360849272443	0.9676947011988652
ENSCMIT00000045502	0.9794545620938958	1.0	0.9798663860162901	0.9102223849180928	0.996110551844056	0.9799579024434886	0.975976937860346
ENSEBUT00000006495	0.999588176077606	0.9798663860162901	1.0	0.9083691772673196	0.9813306488514688	0.9695479088496384	0.9681065251212592
ENSCHAT00000028818	0.9079573533449254	0.9102223849180928	0.9083691772673196	1.0	0.911938317928068	0.9242930355998902	0.8978676672462707
ENSCMIT00000045461	0.9809188249290748	0.996110551844056	0.9813306488514688	0.911938317928068	1.0	0.98055275922028	0.9766861901711356
ENSCMIT00000045526	0.9691360849272443	0.9799579024434886	0.9695479088496384	0.9242930355998902	0.98055275922028	1.0	0.9630273634117325
ENSCJPT00005035742	0.9676947011988652	0.975976937860346	0.9681065251212592	0.8978676672462707	0.9766861901711356	0.9630273634117325	1.0
