,FBtr0344843,FBtr0336619,FBtr0303779,FBtr0303780,FBtr0081277,FBtr0081257,FBtr0081256,FBtr0081278
FBtr0344843,1.0,0.7376400791034937,1.0,1.0,1.0,0.6526038233355307,0.11008569545154911,1.0
FBtr0336619,0.7376400791034937,1.0,0.7376400791034937,0.7376400791034937,0.7376400791034937,0.914963744232037,0.11404087013843112,0.7376400791034937
FBtr0303779,1.0,0.7376400791034937,1.0,1.0,1.0,0.6526038233355307,0.11008569545154911,1.0
FBtr0303780,1.0,0.7376400791034937,1.0,1.0,1.0,0.6526038233355307,0.11008569545154911,1.0
FBtr0081277,1.0,0.7376400791034937,1.0,1.0,1.0,0.6526038233355307,0.11008569545154911,1.0
FBtr0081257,0.6526038233355307,0.914963744232037,0.6526038233355307,0.6526038233355307,0.6526038233355307,1.0,0.029004614370468085,0.6526038233355307
FBtr0081256,0.11008569545154911,0.11404087013843112,0.11008569545154911,0.11008569545154911,0.11008569545154911,0.029004614370468085,1.0,0.11008569545154911
FBtr0081278,1.0,0.7376400791034937,1.0,1.0,1.0,0.6526038233355307,0.11008569545154911,1.0
