,ENSPCIT00000036173,ENSPCIT00000055121,ENSMUST00000041093,ENSMODT00000017679,ENSVURT00010020695,ENSMEUT00000014594,ENSMSIT00000044657
ENSPCIT00000036173,1.0,0.8433981576253838,0.7845445240532242,0.9472876151484135,0.9754350051177073,0.7871033776867963,0.7850562947799385
ENSPCIT00000055121,0.8433981576253838,1.0,0.6376663254861822,0.7947799385875128,0.8219037871033776,0.6305015353121801,0.638689866939611
ENSMUST00000041093,0.7845445240532242,0.6376663254861822,1.0,0.7814738996929376,0.7835209825997953,0.6325486182190379,0.9933469805527124
ENSMODT00000017679,0.9472876151484135,0.7947799385875128,0.7814738996929376,1.0,0.9524053224155579,0.7743091095189355,0.781985670419652
ENSVURT00010020695,0.9754350051177073,0.8219037871033776,0.7835209825997953,0.9524053224155579,1.0,0.7850562947799385,0.7840327533265097
ENSMEUT00000014594,0.7871033776867963,0.6305015353121801,0.6325486182190379,0.7743091095189355,0.7850562947799385,1.0,0.6335721596724667
ENSMSIT00000044657,0.7850562947799385,0.638689866939611,0.9933469805527124,0.781985670419652,0.7840327533265097,0.6335721596724667,1.0
