,ENSDCDT00000008839,ENSPNAT00000027627,ENSTNIT00000019566,ENSDART00000155267,ENSGACT00000015015,ENSGACT00000015013
ENSDCDT00000008839,1.0,0.4764379764379765,0.47609147609147606,0.502079002079002,0.1777546777546778,0.1424116424116424
ENSPNAT00000027627,0.4764379764379765,1.0,0.43832293832293834,0.5783090783090783,0.24428274428274432,0.20166320166320162
ENSTNIT00000019566,0.47609147609147606,0.43832293832293834,1.0,0.4712404712404712,0.23180873180873185,0.14934164934164929
ENSDART00000155267,0.502079002079002,0.5783090783090783,0.4712404712404712,1.0,0.17671517671517667,0.13132363132363134
ENSGACT00000015015,0.1777546777546778,0.24428274428274432,0.23180873180873185,0.17671517671517667,1.0,0.5564795564795565
ENSGACT00000015013,0.1424116424116424,0.20166320166320162,0.14934164934164929,0.13132363132363134,0.5564795564795565,1.0
