	ENSARWT00000031428	ENSAOWT00000021909	ENSAHAT00000007807	ENSNPET00000000109	ENSABRT00000014525	ENSDNVT00000020971
ENSARWT00000031428	1.0	0.9853300733496332	0.9853300733496332	0.9380603096984516	0.9421352893235534	0.9551752241238792
ENSAOWT00000021909	0.9853300733496332	1.0	0.9983700081499592	0.9315403422982884	0.9356153219233904	0.9486552567237164
ENSAHAT00000007807	0.9853300733496332	0.9983700081499592	1.0	0.9315403422982884	0.9356153219233904	0.9486552567237164
ENSNPET00000000109	0.9380603096984516	0.9315403422982884	0.9315403422982884	1.0	0.93480032599837	0.9437652811735942
ENSABRT00000014525	0.9421352893235534	0.9356153219233904	0.9356153219233904	0.93480032599837	1.0	0.9413202933985331
ENSDNVT00000020971	0.9551752241238792	0.9486552567237164	0.9486552567237164	0.9437652811735942	0.9413202933985331	1.0
