,ENSHHUT00000039498,ENSOPRT00000007952,ENSPCAT00000003231,ENSCHOT00000010280,ENSHHUT00000038019,ENSHHUT00000038061,ENSPCIT00000066304,ENSAOWT00000027285,ENSARWT00000028305
ENSHHUT00000039498,1.0,0.5466556564822461,0.5466556564822461,0.5466556564822461,0.34847233691164325,0.4426094137076796,0.48307184145334436,0.8175061932287366,0.8183319570602807
ENSOPRT00000007952,0.5466556564822461,1.0,0.9834847233691164,0.9876135425268373,0.7679603633360859,0.8323699421965318,0.34847233691164325,0.6630883567299752,0.6630883567299752
ENSPCAT00000003231,0.5466556564822461,0.9834847233691164,1.0,0.9892650701899257,0.7663088356729976,0.8298926507018992,0.34847233691164325,0.6630883567299752,0.6630883567299752
ENSCHOT00000010280,0.5466556564822461,0.9876135425268373,0.9892650701899257,1.0,0.7687861271676301,0.8340214698596201,0.34847233691164325,0.6630883567299752,0.6630883567299752
ENSHHUT00000038019,0.34847233691164325,0.7679603633360859,0.7663088356729976,0.7687861271676301,1.0,0.8926507018992568,0.1502890173410405,0.46490503715937237,0.46490503715937237
ENSHHUT00000038061,0.4426094137076796,0.8323699421965318,0.8298926507018992,0.8340214698596201,0.8926507018992568,1.0,0.24442609413707683,0.5590421139554087,0.5590421139554087
ENSPCIT00000066304,0.48307184145334436,0.34847233691164325,0.34847233691164325,0.34847233691164325,0.1502890173410405,0.24442609413707683,1.0,0.6052848885218828,0.6052848885218828
ENSAOWT00000027285,0.8175061932287366,0.6630883567299752,0.6630883567299752,0.6630883567299752,0.46490503715937237,0.5590421139554087,0.6052848885218828,1.0,0.9983484723369116
ENSARWT00000028305,0.8183319570602807,0.6630883567299752,0.6630883567299752,0.6630883567299752,0.46490503715937237,0.5590421139554087,0.6052848885218828,0.9983484723369116,1.0
