,ENSSSCT00000075390,ENSSSCT00000082076,ENSSSCT00000089120,ENSSSCT00000051167,ENSSSCT00000054166,ENSVPAT00000011982,ENSSSCT00000038613
ENSSSCT00000075390,1.0,0.7652733118971061,0.9592711682743837,0.9410503751339764,0.9303322615219721,0.9003215434083601,0.9560557341907824
ENSSSCT00000082076,0.7652733118971061,1.0,0.7706323687031083,0.8017148981779206,0.729903536977492,0.7159699892818864,0.7684887459807074
ENSSSCT00000089120,0.9592711682743837,0.7706323687031083,1.0,0.9592711682743837,0.9163987138263665,0.9046087888531619,0.9646302250803859
ENSSSCT00000051167,0.9410503751339764,0.8017148981779206,0.9592711682743837,1.0,0.9035369774919614,0.8917470525187567,0.9442658092175777
ENSSSCT00000054166,0.9303322615219721,0.729903536977492,0.9163987138263665,0.9035369774919614,1.0,0.902465166130761,0.9131832797427653
ENSVPAT00000011982,0.9003215434083601,0.7159699892818864,0.9046087888531619,0.8917470525187567,0.902465166130761,1.0,0.8960342979635584
ENSSSCT00000038613,0.9560557341907824,0.7684887459807074,0.9646302250803859,0.9442658092175777,0.9131832797427653,0.8960342979635584,1.0
