,ENSCCET00000029492,ENSMVIT00005009310,ENSCPGT00000012827,ENSFALT00000002658,ENSTGUT00000013206,ENSCPUT00000003726,ENSEBUT00000013779,ENSEBUT00000027166,ENSEBUT00000013797
ENSCCET00000029492,1.0,0.8714490674318508,0.9,0.8126255380200861,0.8020086083213773,0.9011477761836442,0.7535150645624104,0.7935437589670015,0.7685796269727403
ENSMVIT00005009310,0.8714490674318508,1.0,0.9218077474892395,0.7235294117647059,0.7116212338593975,0.9209469153515064,0.751219512195122,0.7824964131994261,0.7662840746054519
ENSCPGT00000012827,0.9,0.9218077474892395,1.0,0.7592539454806313,0.7469153515064563,0.9946915351506457,0.7836441893830703,0.8182209469153515,0.7987087517934003
ENSFALT00000002658,0.8126255380200861,0.7235294117647059,0.7592539454806313,1.0,0.9799139167862266,0.7592539454806313,0.7197991391678623,0.7430416068866571,0.7348637015781923
ENSTGUT00000013206,0.8020086083213773,0.7116212338593975,0.7469153515064563,0.9799139167862266,1.0,0.7476327116212339,0.7103299856527977,0.7342898134863701,0.7253945480631276
ENSCPUT00000003726,0.9011477761836442,0.9209469153515064,0.9946915351506457,0.7592539454806313,0.7476327116212339,1.0,0.7829268292682927,0.8189383070301292,0.7979913916786227
ENSEBUT00000013779,0.7535150645624104,0.751219512195122,0.7836441893830703,0.7197991391678623,0.7103299856527977,0.7829268292682927,1.0,0.8040172166427547,0.9849354375896701
ENSEBUT00000027166,0.7935437589670015,0.7824964131994261,0.8182209469153515,0.7430416068866571,0.7342898134863701,0.8189383070301292,0.8040172166427547,1.0,0.8111908177905308
ENSEBUT00000013797,0.7685796269727403,0.7662840746054519,0.7987087517934003,0.7348637015781923,0.7253945480631276,0.7979913916786227,0.9849354375896701,0.8111908177905308,1.0
