	ENSPKIT00000032297	ENSPKIT00000011275	ENSPKIT00000035097	ENSPKIT00000041328	ENSPKIT00000013459	ENSPKIT00000009192	ENSPKIT00000025259
ENSPKIT00000032297	1.0	0.7923728813559322	0.7740112994350282	0.5211864406779662	0.7316384180790959	0.6638418079096046	0.8008474576271186
ENSPKIT00000011275	0.7923728813559322	1.0	0.7288135593220338	0.5451977401129944	0.673728813559322	0.6285310734463276	0.9435028248587571
ENSPKIT00000035097	0.7740112994350282	0.7288135593220338	1.0	0.538135593220339	0.6680790960451978	0.6257062146892656	0.7514124293785308
ENSPKIT00000041328	0.5211864406779662	0.5451977401129944	0.538135593220339	1.0	0.4661016949152542	0.422316384180791	0.5296610169491526
ENSPKIT00000013459	0.7316384180790959	0.673728813559322	0.6680790960451978	0.4661016949152542	1.0	0.7485875706214692	0.6836158192090396
ENSPKIT00000009192	0.6638418079096046	0.6285310734463276	0.6257062146892656	0.422316384180791	0.7485875706214692	1.0	0.6313559322033898
ENSPKIT00000025259	0.8008474576271186	0.9435028248587571	0.7514124293785308	0.5296610169491526	0.6836158192090396	0.6313559322033898	1.0
