,ENSPPRT00000012915,ENSPPRT00000012904,ENSVURT00010000244,ENSMODT00000000547,ENSVURT00010029229,ENSPCIT00000022066
ENSPPRT00000012915,1.0,0.886899918633035,0.8673718470301057,0.4743694060211554,0.8673718470301057,0.5378356387306753
ENSPPRT00000012904,0.886899918633035,1.0,0.8104149715215623,0.4955248169243287,0.8104149715215623,0.5589910496338486
ENSVURT00010000244,0.8673718470301057,0.8104149715215623,1.0,0.48576078112286414,1.0,0.5671277461350691
ENSMODT00000000547,0.4743694060211554,0.4955248169243287,0.48576078112286414,1.0,0.48576078112286414,0.8657445077298617
ENSVURT00010029229,0.8673718470301057,0.8104149715215623,1.0,0.48576078112286414,1.0,0.5671277461350691
ENSPCIT00000022066,0.5378356387306753,0.5589910496338486,0.5671277461350691,0.8657445077298617,0.5671277461350691,1.0
