	ENSCABT00000004651	ENSCINT00000023257	ENSCABT00000004652	ENSCSAVT00000000997	ENSGAGT00000036886	ENSGAGT00000036887
ENSCABT00000004651	1.0	0.22737819025522046	1.0	0.24593967517401394	0.6705336426914154	0.9744779582366591
ENSCINT00000023257	0.22737819025522046	1.0	0.22737819025522046	0.7169373549883991	0.3793503480278422	0.22737819025522046
ENSCABT00000004652	1.0	0.22737819025522046	1.0	0.24593967517401394	0.6705336426914154	0.9744779582366591
ENSCSAVT00000000997	0.24593967517401394	0.7169373549883991	0.24593967517401394	1.0	0.40835266821345706	0.25058004640371223
ENSGAGT00000036886	0.6705336426914154	0.3793503480278422	0.6705336426914154	0.40835266821345706	1.0	0.6948955916473318
ENSGAGT00000036887	0.9744779582366591	0.22737819025522046	0.9744779582366591	0.25058004640371223	0.6948955916473318	1.0
