	ENSECAT00000076295	ENSECAT00000074347	ENSECAT00000067544	ENSECAT00000070134	ENSECAT00000069703	ENSECAT00000018772	ENSECAT00000040160
ENSECAT00000076295	1.0	0.7733554449972361	0.7374239911553344	0.9850746268656716	0.8457711442786071	0.16694306246545054	0.8181315644002212
ENSECAT00000074347	0.7733554449972361	1.0	0.5406301824212272	0.7882808181315644	0.6489773355444998	0.059701492537313376	0.9552238805970148
ENSECAT00000067544	0.7374239911553344	0.5406301824212272	1.0	0.7523493642896628	0.8916528468767275	0.4295190713101161	0.5854063018242123
ENSECAT00000070134	0.9850746268656716	0.7882808181315644	0.7523493642896628	1.0	0.8606965174129353	0.18186843559977886	0.8330569375345495
ENSECAT00000069703	0.8457711442786071	0.6489773355444998	0.8916528468767275	0.8606965174129353	1.0	0.32117191818684354	0.6937534549474847
ENSECAT00000018772	0.16694306246545054	0.059701492537313376	0.4295190713101161	0.18186843559977886	0.32117191818684354	1.0	0.0149253731343284
ENSECAT00000040160	0.8181315644002212	0.9552238805970148	0.5854063018242123	0.8330569375345495	0.6937534549474847	0.0149253731343284	1.0
