	FBtr0085199	FBtr0344340	ENSCINT00000007451	FBtr0082591	ENSCSAVT00000014177	ENSCSAVT00000014176	F43H9.1b.1	F43H9.1a.1
FBtr0085199	1.0	1.0	0.3278850916295195	0.6958890539871223	0.3496780584447746	0.2417038137691927	0.640911342248638	0.6641901931649331
FBtr0344340	1.0	1.0	0.3278850916295195	0.6958890539871223	0.3496780584447746	0.2417038137691927	0.640911342248638	0.6641901931649331
ENSCINT00000007451	0.3278850916295195	0.3278850916295195	1.0	0.2704309063893016	0.6300148588410104	0.7543338286280337	0.4522040614165428	0.379395740465577
FBtr0082591	0.6958890539871223	0.6958890539871223	0.2704309063893016	1.0	0.27142149578999497	0.18573551263001487	0.5611688954928182	0.5819712729073799
ENSCSAVT00000014177	0.3496780584447746	0.3496780584447746	0.6300148588410104	0.27142149578999497	1.0	0.7696879643387816	0.5190688459633482	0.4462605250123824
ENSCSAVT00000014176	0.2417038137691927	0.2417038137691927	0.7543338286280337	0.18573551263001487	0.7696879643387816	1.0	0.3481921743437345	0.2753838533927687
F43H9.1b.1	0.640911342248638	0.640911342248638	0.4522040614165428	0.5611688954928182	0.5190688459633482	0.3481921743437345	1.0	0.9271916790490342
F43H9.1a.1	0.6641901931649331	0.6641901931649331	0.379395740465577	0.5819712729073799	0.4462605250123824	0.2753838533927687	0.9271916790490342	1.0
