	ENSTBET00000012990	ENSCSAT00000001047	ENSOPRT00000009620	ENSPPYT00000004567	ENSCHOT00000009554	ENSTTRT00000000239
ENSTBET00000012990	1.0	0.2805280528052805	0.3784378437843785	0.2794279427942794	0.3685368536853686	0.3267326732673268
ENSCSAT00000001047	0.2805280528052805	1.0	0.4257425742574257	0.9647964796479648	0.7568756875687569	0.713971397139714
ENSOPRT00000009620	0.3784378437843785	0.4257425742574257	1.0	0.4224422442244225	0.4521452145214522	0.4367436743674367
ENSPPYT00000004567	0.2794279427942794	0.9647964796479648	0.4224422442244225	1.0	0.7546754675467546	0.7183718371837183
ENSCHOT00000009554	0.3685368536853686	0.7568756875687569	0.4521452145214522	0.7546754675467546	1.0	0.8118811881188119
ENSTTRT00000000239	0.3267326732673268	0.713971397139714	0.4367436743674367	0.7183718371837183	0.8118811881188119	1.0
