	ENSPKIT00000010842	ENSSFOT00015036877	ENSSFOT00015006161	ENSPKIT00000010767	ENSPKIT00000027593	ENSSFOT00015006138	ENSPKIT00000010728
ENSPKIT00000010842	1.0	0.7228884701045057	0.7863628576323454	0.9689052595511392	0.3360459139969163	0.7927017303409286	0.9755867740277541
ENSSFOT00015036877	0.7228884701045057	1.0	0.7397635771800583	0.7099537433613158	0.33895836902518417	0.7330820627034436	0.7032722288847011
ENSSFOT00015006161	0.7863628576323454	0.7397635771800583	1.0	0.7718862429330136	0.3303066643823882	0.9933184855233852	0.7652047284563989
ENSPKIT00000010767	0.9689052595511392	0.7099537433613158	0.7718862429330136	1.0	0.313945519958883	0.7652047284563989	0.9933184855233852
ENSPKIT00000027593	0.3360459139969163	0.33895836902518417	0.3303066643823882	0.313945519958883	1.0	0.33621723488093197	0.3198560904574268
ENSSFOT00015006138	0.7927017303409286	0.7330820627034436	0.9933184855233852	0.7652047284563989	0.33621723488093197	1.0	0.771543601164982
ENSPKIT00000010728	0.9755867740277541	0.7032722288847011	0.7652047284563989	0.9933184855233852	0.3198560904574268	0.771543601164982	1.0
