,ENSRBIT00000021357,ENSRROT00000030816,ENSRROT00000030809,ENSRBIT00000021377,ENSPTET00000052819,ENSPTET00000052818
ENSRBIT00000021357,1.0,0.45495495495495497,0.9984984984984985,0.45495495495495497,0.45345345345345345,0.990990990990991
ENSRROT00000030816,0.45495495495495497,1.0,0.45495495495495497,1.0,0.9984984984984985,0.45345345345345345
ENSRROT00000030809,0.9984984984984985,0.45495495495495497,1.0,0.45495495495495497,0.45345345345345345,0.9924924924924925
ENSRBIT00000021377,0.45495495495495497,1.0,0.45495495495495497,1.0,0.9984984984984985,0.45345345345345345
ENSPTET00000052819,0.45345345345345345,0.9984984984984985,0.45345345345345345,0.9984984984984985,1.0,0.45495495495495497
ENSPTET00000052818,0.990990990990991,0.45345345345345345,0.9924924924924925,0.45345345345345345,0.45495495495495497,1.0
