,ENSNLET00000045086,ENSPTRT00000098940,ENSMFAT00000070897,ENSCATT00000050932,ENSPANT00000042154,ENSMNET00000069840,ENSMLET00000013117,ENSRBIT00000032802,ENSGGOT00000060986
ENSNLET00000045086,1.0,0.5859154929577465,0.6408450704225352,0.5802816901408451,0.6056338028169014,0.6408450704225352,0.6450704225352113,0.5887323943661972,0.7309859154929578
ENSPTRT00000098940,0.5859154929577465,1.0,0.847887323943662,0.9084507042253521,0.7943661971830986,0.847887323943662,0.8507042253521127,0.7971830985915493,0.8464788732394366
ENSMFAT00000070897,0.6408450704225352,0.847887323943662,1.0,0.9295774647887324,0.9352112676056338,1.0,0.9943661971830986,0.8591549295774648,0.8211267605633803
ENSCATT00000050932,0.5802816901408451,0.9084507042253521,0.9295774647887324,1.0,0.8732394366197183,0.9295774647887324,0.9352112676056338,0.8056338028169014,0.7591549295774648
ENSPANT00000042154,0.6056338028169014,0.7943661971830986,0.9352112676056338,0.8732394366197183,1.0,0.9352112676056338,0.9380281690140845,0.8169014084507042,0.7830985915492957
ENSMNET00000069840,0.6408450704225352,0.847887323943662,1.0,0.9295774647887324,0.9352112676056338,1.0,0.9943661971830986,0.8591549295774648,0.8211267605633803
ENSMLET00000013117,0.6450704225352113,0.8507042253521127,0.9943661971830986,0.9352112676056338,0.9380281690140845,0.9943661971830986,1.0,0.8647887323943662,0.823943661971831
ENSRBIT00000032802,0.5887323943661972,0.7971830985915493,0.8591549295774648,0.8056338028169014,0.8169014084507042,0.8591549295774648,0.8647887323943662,1.0,0.819718309859155
ENSGGOT00000060986,0.7309859154929578,0.8464788732394366,0.8211267605633803,0.7591549295774648,0.7830985915492957,0.8211267605633803,0.823943661971831,0.819718309859155,1.0
