	ENSPPAT00000043442	ENSPPAT00000043446	ENSPTRT00000109044	ENST00000407019	ENSPTRT00000089803	ENST00000424634	ENST00000347635	ENST00000417702
ENSPPAT00000043442	1.0	0.9466950959488272	0.9985785358919688	0.9331911869225302	0.9452736318407958	0.09594882729211084	0.9928926794598436	0.017057569296375252
ENSPPAT00000043446	0.9466950959488272	1.0	0.9452736318407958	0.8805970149253731	0.9985785358919688	0.14925373134328354	0.9402985074626866	0.07036247334754797
ENSPTRT00000109044	0.9985785358919688	0.9452736318407958	1.0	0.9331911869225302	0.9466950959488272	0.09594882729211084	0.9928926794598436	0.017057569296375252
ENST00000407019	0.9331911869225302	0.8805970149253731	0.9331911869225302	1.0	0.8805970149253731	0.03624733475479747	0.9402985074626866	0.07675906183368875
ENSPTRT00000089803	0.9452736318407958	0.9985785358919688	0.9466950959488272	0.8805970149253731	1.0	0.14925373134328354	0.9402985074626866	0.07036247334754797
ENST00000424634	0.09594882729211084	0.14925373134328354	0.09594882729211084	0.03624733475479747	0.14925373134328354	1.0	0.09594882729211084	0.9211087420042644
ENST00000347635	0.9928926794598436	0.9402985074626866	0.9928926794598436	0.9402985074626866	0.9402985074626866	0.09594882729211084	1.0	0.017057569296375252
ENST00000417702	0.017057569296375252	0.07036247334754797	0.017057569296375252	0.07675906183368875	0.07036247334754797	0.9211087420042644	0.017057569296375252	1.0
