	ENSSFOT00015017288	ENSDCDT00000070917	ENSCHAT00000040165	ENSPKIT00000040911	ENSAMXT00000017884	ENSSFOT00015017266	ENSSFOT00015017249
ENSSFOT00015017288	1.0	0.6441608786948797	0.4976578904861897	0.5386851881763851	0.6110482959134227	0.9844936197706348	0.9844936197706348
ENSDCDT00000070917	0.6441608786948797	1.0	0.5876272007753189	0.4983039896624132	0.6540138911322888	0.656598287837183	0.656598287837183
ENSCHAT00000040165	0.4976578904861897	0.5876272007753189	1.0	0.3700533031820384	0.4852204813438863	0.4937812954288483	0.4937812954288483
ENSPKIT00000040911	0.5386851881763851	0.4983039896624132	0.3700533031820384	1.0	0.4587304151187207	0.5348085931190437	0.5348085931190437
ENSAMXT00000017884	0.6110482959134227	0.6540138911322888	0.4852204813438863	0.4587304151187207	1.0	0.6228396058795025	0.6228396058795025
ENSSFOT00015017266	0.9844936197706348	0.656598287837183	0.4937812954288483	0.5348085931190437	0.6228396058795025	1.0	1.0
ENSSFOT00015017249	0.9844936197706348	0.656598287837183	0.4937812954288483	0.5348085931190437	0.6228396058795025	1.0	1.0
