,ENSPCIT00000057255,ENSPCIT00000056627,ENSMODT00000066969,ENSPCIT00000063348,ENSMEUT00000002783,ENSSHAT00000013669,ENSVURT00010012330,ENSPCIT00000060012
ENSPCIT00000057255,1.0,1.0,0.9634591961023142,0.7186358099878197,0.9622411693057247,0.9598051157125457,0.9817295980511571,0.8294762484774665
ENSPCIT00000056627,1.0,1.0,0.9634591961023142,0.7186358099878197,0.9622411693057247,0.9598051157125457,0.9817295980511571,0.8294762484774665
ENSMODT00000066969,0.9634591961023142,0.9634591961023142,1.0,0.6845310596833131,0.953714981729598,0.9561510353227771,0.9610231425091352,0.7929354445797807
ENSPCIT00000063348,0.7186358099878197,0.7186358099878197,0.6845310596833131,1.0,0.6869671132764921,0.679658952496955,0.7015834348355664,0.5578562728380024
ENSMEUT00000002783,0.9622411693057247,0.9622411693057247,0.953714981729598,0.6869671132764921,1.0,0.9500609013398295,0.9683313032886723,0.7917174177831913
ENSSHAT00000013669,0.9598051157125457,0.9598051157125457,0.9561510353227771,0.679658952496955,0.9500609013398295,1.0,0.9585870889159561,0.7892813641900122
ENSVURT00010012330,0.9817295980511571,0.9817295980511571,0.9610231425091352,0.7015834348355664,0.9683313032886723,0.9585870889159561,1.0,0.8112058465286236
ENSPCIT00000060012,0.8294762484774665,0.8294762484774665,0.7929354445797807,0.5578562728380024,0.7917174177831913,0.7892813641900122,0.8112058465286236,1.0
