	ENSCSAT00000005424	ENSPANT00000010283	ENSTGET00000000321	ENSMNET00000033907	ENSMFAT00000029442	ENSMLET00000050394	ENSCATT00000045487	ENSMMUT00000011282
ENSCSAT00000005424	1.0	0.9300361881785284	0.9280257338158424	0.9328508242862888	0.9316445516686772	0.8130277442702051	0.9308403699236028	0.933252915158826
ENSPANT00000010283	0.9300361881785284	1.0	0.9955770004020909	0.9935665460394048	0.9923602734217932	0.8769601930036188	0.9927623642943304	0.9931644551668676
ENSTGET00000000321	0.9280257338158424	0.9955770004020909	1.0	0.9915560916767192	0.9903498190591074	0.8757539203860072	0.9915560916767192	0.9911540008041816
ENSMNET00000033907	0.9328508242862888	0.9935665460394048	0.9915560916767192	1.0	0.997989545637314	0.8761560112585445	0.9927623642943304	0.997989545637314
ENSMFAT00000029442	0.9316445516686772	0.9923602734217932	0.9903498190591074	0.997989545637314	1.0	0.8749497386409328	0.9915560916767192	0.9983916365098512
ENSMLET00000050394	0.8130277442702051	0.8769601930036188	0.8757539203860072	0.8761560112585445	0.8749497386409328	1.0	0.8761560112585445	0.8749497386409328
ENSCATT00000045487	0.9308403699236028	0.9927623642943304	0.9915560916767192	0.9927623642943304	0.9915560916767192	0.8761560112585445	1.0	0.9931644551668676
ENSMMUT00000011282	0.933252915158826	0.9931644551668676	0.9911540008041816	0.997989545637314	0.9983916365098512	0.8749497386409328	0.9931644551668676	1.0
