,K05B2.2a.1,ENSSFOT00015011888,ENSPKIT00000008099,K05B2.2b.1,K05B2.2b.2,FBtr0084898
K05B2.2a.1,1.0,0.5573637103336045,0.565907241659886,0.8010577705451587,0.8010577705451587,0.17941415785191217
ENSSFOT00015011888,0.5573637103336045,1.0,0.8791700569568756,0.6240846216436127,0.6240846216436127,0.26932465419039864
ENSPKIT00000008099,0.565907241659886,0.8791700569568756,1.0,0.6265256305939788,0.6265256305939788,0.2839707078925956
K05B2.2b.1,0.8010577705451587,0.6240846216436127,0.6265256305939788,1.0,1.0,0.24450772986167613
K05B2.2b.2,0.8010577705451587,0.6240846216436127,0.6265256305939788,1.0,1.0,0.24450772986167613
FBtr0084898,0.17941415785191217,0.26932465419039864,0.2839707078925956,0.24450772986167613,0.24450772986167613,1.0
