	K07E3.8.2	FBtr0342636	FBtr0074166	FBtr0080523	K07E3.8.1	FBtr0301598	FBtr0333719	ENSCINT00000037319	YPL170W_mRNA
K07E3.8.2	1.0	0.7418069087688219	0.7418069087688219	0.7418069087688219	1.0	0.7418069087688219	0.7418069087688219	0.7595217006200177	0.7010628875110717
FBtr0342636	0.7418069087688219	1.0	0.6961913197519929	1.0	0.7418069087688219	0.6961913197519929	0.6961913197519929	0.7285208148804252	0.7657218777679362
FBtr0074166	0.7418069087688219	0.6961913197519929	1.0	0.6961913197519929	0.7418069087688219	1.0	1.0	0.7993799822852081	0.7006200177147919
FBtr0080523	0.7418069087688219	1.0	0.6961913197519929	1.0	0.7418069087688219	0.6961913197519929	0.6961913197519929	0.7285208148804252	0.7657218777679362
K07E3.8.1	1.0	0.7418069087688219	0.7418069087688219	0.7418069087688219	1.0	0.7418069087688219	0.7418069087688219	0.7595217006200177	0.7010628875110717
FBtr0301598	0.7418069087688219	0.6961913197519929	1.0	0.6961913197519929	0.7418069087688219	1.0	1.0	0.7993799822852081	0.7006200177147919
FBtr0333719	0.7418069087688219	0.6961913197519929	1.0	0.6961913197519929	0.7418069087688219	1.0	1.0	0.7993799822852081	0.7006200177147919
ENSCINT00000037319	0.7595217006200177	0.7285208148804252	0.7993799822852081	0.7285208148804252	0.7595217006200177	0.7993799822852081	0.7993799822852081	1.0	0.7652790079716564
YPL170W_mRNA	0.7010628875110717	0.7657218777679362	0.7006200177147919	0.7657218777679362	0.7010628875110717	0.7006200177147919	0.7006200177147919	0.7652790079716564	1.0
