,Y62E10A.16.1,FBtr0339337,ENSCINT00000000856,ENSEBUT00000010248,FBtr0088710,ENSCSAVT00000002634
Y62E10A.16.1,1.0,0.352506162695152,0.5176663927691043,0.3322377430840866,0.3516844700082169,0.5650506710490276
FBtr0339337,0.352506162695152,1.0,0.33278553820870993,0.5505341002465078,0.9991783073130649,0.4346754313886607
ENSCINT00000000856,0.5176663927691043,0.33278553820870993,1.0,0.38263489454943844,0.3319638455217748,0.7348671596822788
ENSEBUT00000010248,0.3322377430840866,0.5505341002465078,0.38263489454943844,1.0,0.5497124075595727,0.5212270610791564
FBtr0088710,0.3516844700082169,0.9991783073130649,0.3319638455217748,0.5497124075595727,1.0,0.4338537387017256
ENSCSAVT00000002634,0.5650506710490276,0.4346754313886607,0.7348671596822788,0.5212270610791564,0.4338537387017256,1.0
