,ENSMFAT00000042788,ENSRBIT00000035686,ENSTGET00000021588,ENSMLET00000029966,ENSPANT00000048078,ENSCATT00000008348,ENSMNET00000011616
ENSMFAT00000042788,1.0,0.8498168498168498,0.9963369963369964,0.8901098901098901,0.989010989010989,0.9157509157509157,1.0
ENSRBIT00000035686,0.8498168498168498,1.0,0.8461538461538461,0.7582417582417582,0.8534798534798534,0.7802197802197802,0.8498168498168498
ENSTGET00000021588,0.9963369963369964,0.8461538461538461,1.0,0.8864468864468864,0.9853479853479854,0.9120879120879121,0.9963369963369964
ENSMLET00000029966,0.8901098901098901,0.7582417582417582,0.8864468864468864,1.0,0.8791208791208791,0.9743589743589743,0.8901098901098901
ENSPANT00000048078,0.989010989010989,0.8534798534798534,0.9853479853479854,0.8791208791208791,1.0,0.9047619047619048,0.989010989010989
ENSCATT00000008348,0.9157509157509157,0.7802197802197802,0.9120879120879121,0.9743589743589743,0.9047619047619048,1.0,0.9157509157509157
ENSMNET00000011616,1.0,0.8498168498168498,0.9963369963369964,0.8901098901098901,0.989010989010989,0.9157509157509157,1.0
