,ENSRROT00000034114,ENSRROT00000034115,ENSRROT00000034112,ENSMLUT00000005139,ENSBMUT00000015458,ENSRBIT00000028588,ENSRBIT00000028602
ENSRROT00000034114,1.0,0.37234042553191493,0.7914893617021277,0.40957446808510634,0.4031914893617021,0.4351063829787234,0.9968085106382979
ENSRROT00000034115,0.37234042553191493,1.0,0.3021276595744681,0.7627659574468085,0.7861702127659574,0.9351063829787234,0.37553191489361704
ENSRROT00000034112,0.7914893617021277,0.3021276595744681,1.0,0.3393617021276596,0.3329787234042554,0.36489361702127665,0.7882978723404256
ENSMLUT00000005139,0.40957446808510634,0.7627659574468085,0.3393617021276596,1.0,0.851063829787234,0.7808510638297872,0.40851063829787226
ENSBMUT00000015458,0.4031914893617021,0.7861702127659574,0.3329787234042554,0.851063829787234,1.0,0.7787234042553192,0.40638297872340423
ENSRBIT00000028588,0.4351063829787234,0.9351063829787234,0.36489361702127665,0.7808510638297872,0.7787234042553192,1.0,0.4340425531914893
ENSRBIT00000028602,0.9968085106382979,0.37553191489361704,0.7882978723404256,0.40851063829787226,0.40638297872340423,0.4340425531914893,1.0
