	ENSDCDT00000033332	ENSDCDT00000033331	ENSDCDT00000033330	ENSCHAT00000023146	ENSCHAT00000023162	ENSCHAT00000023234	ENSCHAT00000023208
ENSDCDT00000033332	1.0	0.7545592705167173	0.8936170212765957	0.8229483282674772	0.8001519756838906	0.71580547112462	0.7849544072948328
ENSDCDT00000033331	0.7545592705167173	1.0	0.8411854103343465	0.6952887537993921	0.7477203647416414	0.6633738601823708	0.7325227963525835
ENSDCDT00000033330	0.8936170212765957	0.8411854103343465	1.0	0.8343465045592705	0.9042553191489362	0.8024316109422492	0.871580547112462
ENSCHAT00000023146	0.8229483282674772	0.6952887537993921	0.8343465045592705	1.0	0.9278115501519756	0.8434650455927052	0.912613981762918
ENSCHAT00000023162	0.8001519756838906	0.7477203647416414	0.9042553191489362	0.9278115501519756	1.0	0.8958966565349544	0.9650455927051672
ENSCHAT00000023234	0.71580547112462	0.6633738601823708	0.8024316109422492	0.8434650455927052	0.8958966565349544	1.0	0.8806990881458967
ENSCHAT00000023208	0.7849544072948328	0.7325227963525835	0.871580547112462	0.912613981762918	0.9650455927051672	0.8806990881458967	1.0
