	ENSRNOT00000074622	ENSMSIT00000001481	ENSMUST00000226484	ENSMUST00000037685	ENSMUST00000226584	ENSMUST00000078842	ENSRNOT00000055268
ENSRNOT00000074622	1.0	0.41916167664670656	0.405688622754491	0.6721556886227545	0.5269461077844312	0.36676646706586813	0.9880239520958084
ENSMSIT00000001481	0.41916167664670656	1.0	0.905688622754491	0.6212574850299402	0.5553892215568862	0.9176646706586826	0.41916167664670656
ENSMUST00000226484	0.405688622754491	0.905688622754491	1.0	0.5868263473053892	0.6332335329341318	0.8547904191616766	0.405688622754491
ENSMUST00000037685	0.6721556886227545	0.6212574850299402	0.5868263473053892	1.0	0.8143712574850299	0.562874251497006	0.6721556886227545
ENSMUST00000226584	0.5269461077844312	0.5553892215568862	0.6332335329341318	0.8143712574850299	1.0	0.4880239520958084	0.5269461077844312
ENSMUST00000078842	0.36676646706586813	0.9176646706586826	0.8547904191616766	0.562874251497006	0.4880239520958084	1.0	0.36676646706586813
ENSRNOT00000055268	0.9880239520958084	0.41916167664670656	0.405688622754491	0.6721556886227545	0.5269461077844312	0.36676646706586813	1.0
