,ENSMICT00000014611,ENSMMUT00000013787,ENSNLET00000059913,ENSRROT00000066838,ENSPANT00000038109,ENSCSAT00000012101,ENSNLET00000018137,ENSPCOT00000034833,ENSRROT00000066837,ENSPPAT00000004460,ENSCATT00000038822,ENSGGOT00000060000,ENSPTRT00000013394,ENSPSMT00000038377,ENSMNET00000042344,ENSPTET00000035000,ENSMNET00000042341,ENSPANT00000022495,ENSGGOT00000000745,ENSPPAT00000004492,ENSMFAT00000007212,ENSPSMT00000038376,ENSPTRT00000076905,ENSMLET00000038537,ENSPTET00000034998,ENSMFAT00000007214,ENSCATT00000038817,ENSTGET00000041098,ENSMLET00000038542,ENST00000560581,ENSTGET00000041096,ENST00000331090,ENSMMUT00000040373
ENSMICT00000014611,1.0,0.8062283737024222,0.7820069204152249,0.776239907727797,0.7866205305651672,0.8788927335640139,0.8754325259515571,0.8442906574394463,0.8708189158016147,0.8800461361014994,0.7854671280276817,0.7866205305651672,0.7866205305651672,0.8442906574394463,0.7889273356401384,0.7831603229527105,0.8823529411764706,0.8788927335640139,0.8800461361014994,0.7866205305651672,0.8823529411764706,0.9411764705882353,0.8800461361014994,0.8777393310265282,0.8777393310265282,0.7889273356401384,0.8788927335640139,0.7866205305651672,0.7843137254901961,0.7831603229527105,0.8788927335640139,0.8765859284890427,0.8823529411764706
ENSMMUT00000013787,0.8062283737024222,1.0,0.7970011534025375,0.8073817762399077,0.8223760092272203,0.9134948096885813,0.8915801614763552,0.7024221453287197,0.903114186851211,0.8961937716262975,0.8212226066897347,0.7958477508650519,0.8016147635524798,0.7035755478662054,0.8246828143021915,0.8096885813148789,0.9215686274509803,0.9181084198385236,0.8904267589388697,0.8016147635524798,0.9215686274509803,0.7970011534025375,0.8961937716262975,0.916955017301038,0.9054209919261822,0.8246828143021915,0.9181084198385236,0.8223760092272203,0.8200692041522492,0.7970011534025375,0.9181084198385236,0.8915801614763552,0.9238754325259516
ENSNLET00000059913,0.7820069204152249,0.7970011534025375,1.0,0.9584775086505191,0.9688581314878892,0.8673587081891581,0.903114186851211,0.6851211072664359,0.8615916955017301,0.8800461361014994,0.9677047289504037,0.9711649365628604,0.9769319492502884,0.8754325259515571,0.9711649365628604,0.9607843137254902,0.8742791234140715,0.8719723183391004,0.8742791234140715,0.9769319492502884,0.8742791234140715,0.7785467128027682,0.8800461361014994,0.8696655132641292,0.8638985005767013,0.9711649365628604,0.8708189158016147,0.9688581314878892,0.9665513264129181,0.972318339100346,0.8719723183391004,0.8754325259515571,0.8731257208765859
ENSRROT00000066838,0.776239907727797,0.8073817762399077,0.9584775086505191,1.0,0.9803921568627451,0.8788927335640139,0.8615916955017301,0.6782006920415224,0.903114186851211,0.8662053056516724,0.9792387543252595,0.9573241061130334,0.9630911188004614,0.8650519031141869,0.9826989619377162,0.9838523644752019,0.8858131487889274,0.8835063437139562,0.8604382929642446,0.9630911188004614,0.8858131487889274,0.7681660899653979,0.8662053056516724,0.881199538638985,0.8869665513264129,0.9826989619377162,0.8823529411764706,0.9803921568627451,0.9780853517877739,0.9584775086505191,0.8835063437139562,0.8615916955017301,0.8835063437139562
ENSPANT00000038109,0.7866205305651672,0.8223760092272203,0.9688581314878892,0.9803921568627451,1.0,0.8938869665513264,0.8719723183391004,0.6828143021914648,0.8835063437139562,0.8765859284890427,0.9965397923875432,0.9677047289504037,0.9734717416378316,0.8742791234140715,0.9976931949250288,0.9826989619377162,0.9008073817762399,0.903114186851211,0.8708189158016147,0.9734717416378316,0.9008073817762399,0.7773933102652826,0.8765859284890427,0.8985005767012687,0.8858131487889274,0.9976931949250288,0.8996539792387543,0.9976931949250288,0.9953863898500577,0.9688581314878892,0.9008073817762399,0.8719723183391004,0.8985005767012687
ENSCSAT00000012101,0.8788927335640139,0.9134948096885813,0.8673587081891581,0.8788927335640139,0.8938869665513264,1.0,0.9630911188004614,0.7750865051903114,0.9757785467128027,0.9677047289504037,0.8927335640138409,0.8662053056516724,0.8719723183391004,0.7750865051903114,0.8961937716262975,0.881199538638985,0.9919261822376009,0.9884659746251442,0.9619377162629758,0.8719723183391004,0.9919261822376009,0.8696655132641292,0.9677047289504037,0.9873125720876585,0.9780853517877739,0.8961937716262975,0.9884659746251442,0.8938869665513264,0.8915801614763552,0.8673587081891581,0.9884659746251442,0.9630911188004614,0.9896193771626297
ENSNLET00000018137,0.8754325259515571,0.8915801614763552,0.903114186851211,0.8615916955017301,0.8719723183391004,0.9630911188004614,1.0,0.7785467128027682,0.9573241061130334,0.9769319492502884,0.8708189158016147,0.8742791234140715,0.8800461361014994,0.7785467128027682,0.8742791234140715,0.8638985005767013,0.9688581314878892,0.9653979238754326,0.9711649365628604,0.8800461361014994,0.9688581314878892,0.8719723183391004,0.9769319492502884,0.9642445213379469,0.9596309111880046,0.8742791234140715,0.9653979238754326,0.8719723183391004,0.8696655132641292,0.8754325259515571,0.9653979238754326,0.972318339100346,0.9677047289504037
ENSPCOT00000034833,0.8442906574394463,0.7024221453287197,0.6851211072664359,0.6782006920415224,0.6828143021914648,0.7750865051903114,0.7785467128027682,1.0,0.7727797001153403,0.7808535178777394,0.6816608996539792,0.6874279123414071,0.6874279123414071,0.748558246828143,0.6851211072664359,0.6828143021914648,0.7785467128027682,0.7750865051903114,0.7808535178777394,0.6874279123414071,0.7785467128027682,0.845444059976932,0.7808535178777394,0.7739331026528259,0.7773933102652826,0.6851211072664359,0.7750865051903114,0.6839677047289504,0.6805074971164936,0.6851211072664359,0.776239907727797,0.7785467128027682,0.7785467128027682
ENSRROT00000066837,0.8708189158016147,0.903114186851211,0.8615916955017301,0.903114186851211,0.8835063437139562,0.9757785467128027,0.9573241061130334,0.7727797001153403,1.0,0.9619377162629758,0.8823529411764706,0.8604382929642446,0.8662053056516724,0.7681660899653979,0.8858131487889274,0.8869665513264129,0.9815455594002307,0.9780853517877739,0.9561707035755479,0.8662053056516724,0.9815455594002307,0.8627450980392157,0.9619377162629758,0.9769319492502884,0.9838523644752019,0.8858131487889274,0.9780853517877739,0.8835063437139562,0.881199538638985,0.8615916955017301,0.9780853517877739,0.9573241061130334,0.9792387543252595
ENSPPAT00000004460,0.8800461361014994,0.8961937716262975,0.8800461361014994,0.8662053056516724,0.8765859284890427,0.9677047289504037,0.9769319492502884,0.7808535178777394,0.9619377162629758,1.0,0.8754325259515571,0.895040369088812,0.903114186851211,0.7843137254901961,0.8788927335640139,0.8685121107266436,0.9734717416378316,0.9700115340253749,0.9919261822376009,0.903114186851211,0.9734717416378316,0.8777393310265282,1.0,0.9688581314878892,0.9642445213379469,0.8788927335640139,0.9700115340253749,0.8765859284890427,0.8742791234140715,0.8961937716262975,0.9700115340253749,0.9930795847750865,0.972318339100346
ENSCATT00000038822,0.7854671280276817,0.8212226066897347,0.9677047289504037,0.9792387543252595,0.9965397923875432,0.8927335640138409,0.8708189158016147,0.6816608996539792,0.8823529411764706,0.8754325259515571,1.0,0.9688581314878892,0.972318339100346,0.8742791234140715,0.9965397923875432,0.9815455594002307,0.8996539792387543,0.8996539792387543,0.8719723183391004,0.972318339100346,0.8996539792387543,0.7773933102652826,0.8754325259515571,0.8996539792387543,0.8846597462514417,0.9965397923875432,0.903114186851211,0.9965397923875432,0.9965397923875432,0.9677047289504037,0.8996539792387543,0.8708189158016147,0.8973471741637832
ENSGGOT00000060000,0.7866205305651672,0.7958477508650519,0.9711649365628604,0.9573241061130334,0.9677047289504037,0.8662053056516724,0.8742791234140715,0.6874279123414071,0.8604382929642446,0.895040369088812,0.9688581314878892,1.0,0.9919261822376009,0.8777393310265282,0.9700115340253749,0.9596309111880046,0.8731257208765859,0.8708189158016147,0.903114186851211,0.9919261822376009,0.8731257208765859,0.7808535178777394,0.895040369088812,0.8685121107266436,0.8627450980392157,0.9700115340253749,0.8719723183391004,0.9677047289504037,0.9653979238754326,0.9873125720876585,0.8708189158016147,0.8904267589388697,0.8719723183391004
ENSPTRT00000013394,0.7866205305651672,0.8016147635524798,0.9769319492502884,0.9630911188004614,0.9734717416378316,0.8719723183391004,0.8800461361014994,0.6874279123414071,0.8662053056516724,0.903114186851211,0.972318339100346,0.9919261822376009,1.0,0.881199538638985,0.9757785467128027,0.9653979238754326,0.8788927335640139,0.8765859284890427,0.895040369088812,1.0,0.8788927335640139,0.7843137254901961,0.903114186851211,0.8742791234140715,0.8685121107266436,0.9757785467128027,0.8754325259515571,0.9734717416378316,0.9711649365628604,0.9930795847750865,0.8765859284890427,0.8961937716262975,0.8777393310265282
ENSPSMT00000038377,0.8442906574394463,0.7035755478662054,0.8754325259515571,0.8650519031141869,0.8742791234140715,0.7750865051903114,0.7785467128027682,0.748558246828143,0.7681660899653979,0.7843137254901961,0.8742791234140715,0.8777393310265282,0.881199538638985,1.0,0.8765859284890427,0.8708189158016147,0.7797001153402537,0.7773933102652826,0.7808535178777394,0.881199538638985,0.7797001153402537,0.903114186851211,0.7843137254901961,0.776239907727797,0.7739331026528259,0.8765859284890427,0.7773933102652826,0.8742791234140715,0.8731257208765859,0.8777393310265282,0.7773933102652826,0.7808535178777394,0.7797001153402537
ENSMNET00000042344,0.7889273356401384,0.8246828143021915,0.9711649365628604,0.9826989619377162,0.9976931949250288,0.8961937716262975,0.8742791234140715,0.6851211072664359,0.8858131487889274,0.8788927335640139,0.9965397923875432,0.9700115340253749,0.9757785467128027,0.8765859284890427,1.0,0.9850057670126874,0.903114186851211,0.9008073817762399,0.8731257208765859,0.9757785467128027,0.903114186851211,0.7797001153402537,0.8788927335640139,0.8985005767012687,0.8881199538638985,1.0,0.8996539792387543,0.9976931949250288,0.9953863898500577,0.9711649365628604,0.9008073817762399,0.8742791234140715,0.9008073817762399
ENSPTET00000035000,0.7831603229527105,0.8096885813148789,0.9607843137254902,0.9838523644752019,0.9826989619377162,0.881199538638985,0.8638985005767013,0.6828143021914648,0.8869665513264129,0.8685121107266436,0.9815455594002307,0.9596309111880046,0.9653979238754326,0.8708189158016147,0.9850057670126874,1.0,0.8881199538638985,0.8858131487889274,0.8627450980392157,0.9653979238754326,0.8881199538638985,0.7739331026528259,0.8685121107266436,0.8835063437139562,0.903114186851211,0.9850057670126874,0.8846597462514417,0.9850057670126874,0.9803921568627451,0.9607843137254902,0.8881199538638985,0.8638985005767013,0.8858131487889274
ENSMNET00000042341,0.8823529411764706,0.9215686274509803,0.8742791234140715,0.8858131487889274,0.9008073817762399,0.9919261822376009,0.9688581314878892,0.7785467128027682,0.9815455594002307,0.9734717416378316,0.8996539792387543,0.8731257208765859,0.8788927335640139,0.7797001153402537,0.903114186851211,0.8881199538638985,1.0,0.9965397923875432,0.9677047289504037,0.8788927335640139,1.0,0.8731257208765859,0.9734717416378316,0.9953863898500577,0.9838523644752019,0.903114186851211,0.9965397923875432,0.9008073817762399,0.8985005767012687,0.8742791234140715,0.9965397923875432,0.9688581314878892,0.9976931949250288
ENSPANT00000022495,0.8788927335640139,0.9181084198385236,0.8719723183391004,0.8835063437139562,0.903114186851211,0.9884659746251442,0.9653979238754326,0.7750865051903114,0.9780853517877739,0.9700115340253749,0.8996539792387543,0.8708189158016147,0.8765859284890427,0.7773933102652826,0.9008073817762399,0.8858131487889274,0.9965397923875432,1.0,0.9642445213379469,0.8765859284890427,0.9965397923875432,0.8696655132641292,0.9700115340253749,0.994232987312572,0.9803921568627451,0.9008073817762399,0.9953863898500577,0.9008073817762399,0.8985005767012687,0.8719723183391004,0.9953863898500577,0.9653979238754326,0.994232987312572
ENSGGOT00000000745,0.8800461361014994,0.8904267589388697,0.8742791234140715,0.8604382929642446,0.8708189158016147,0.9619377162629758,0.9711649365628604,0.7808535178777394,0.9561707035755479,0.9919261822376009,0.8719723183391004,0.903114186851211,0.895040369088812,0.7808535178777394,0.8731257208765859,0.8627450980392157,0.9677047289504037,0.9642445213379469,1.0,0.895040369088812,0.9677047289504037,0.8742791234140715,0.9919261822376009,0.9630911188004614,0.9584775086505191,0.8731257208765859,0.9665513264129181,0.8708189158016147,0.8685121107266436,0.8904267589388697,0.9642445213379469,0.9873125720876585,0.9665513264129181
ENSPPAT00000004492,0.7866205305651672,0.8016147635524798,0.9769319492502884,0.9630911188004614,0.9734717416378316,0.8719723183391004,0.8800461361014994,0.6874279123414071,0.8662053056516724,0.903114186851211,0.972318339100346,0.9919261822376009,1.0,0.881199538638985,0.9757785467128027,0.9653979238754326,0.8788927335640139,0.8765859284890427,0.895040369088812,1.0,0.8788927335640139,0.7843137254901961,0.903114186851211,0.8742791234140715,0.8685121107266436,0.9757785467128027,0.8754325259515571,0.9734717416378316,0.9711649365628604,0.9930795847750865,0.8765859284890427,0.8961937716262975,0.8777393310265282
ENSMFAT00000007212,0.8823529411764706,0.9215686274509803,0.8742791234140715,0.8858131487889274,0.9008073817762399,0.9919261822376009,0.9688581314878892,0.7785467128027682,0.9815455594002307,0.9734717416378316,0.8996539792387543,0.8731257208765859,0.8788927335640139,0.7797001153402537,0.903114186851211,0.8881199538638985,1.0,0.9965397923875432,0.9677047289504037,0.8788927335640139,1.0,0.8731257208765859,0.9734717416378316,0.9953863898500577,0.9838523644752019,0.903114186851211,0.9965397923875432,0.9008073817762399,0.8985005767012687,0.8742791234140715,0.9965397923875432,0.9688581314878892,0.9976931949250288
ENSPSMT00000038376,0.9411764705882353,0.7970011534025375,0.7785467128027682,0.7681660899653979,0.7773933102652826,0.8696655132641292,0.8719723183391004,0.845444059976932,0.8627450980392157,0.8777393310265282,0.7773933102652826,0.7808535178777394,0.7843137254901961,0.903114186851211,0.7797001153402537,0.7739331026528259,0.8731257208765859,0.8696655132641292,0.8742791234140715,0.7843137254901961,0.8731257208765859,1.0,0.8777393310265282,0.8696655132641292,0.8685121107266436,0.7797001153402537,0.8708189158016147,0.7773933102652826,0.776239907727797,0.7808535178777394,0.8696655132641292,0.8742791234140715,0.8731257208765859
ENSPTRT00000076905,0.8800461361014994,0.8961937716262975,0.8800461361014994,0.8662053056516724,0.8765859284890427,0.9677047289504037,0.9769319492502884,0.7808535178777394,0.9619377162629758,1.0,0.8754325259515571,0.895040369088812,0.903114186851211,0.7843137254901961,0.8788927335640139,0.8685121107266436,0.9734717416378316,0.9700115340253749,0.9919261822376009,0.903114186851211,0.9734717416378316,0.8777393310265282,1.0,0.9688581314878892,0.9642445213379469,0.8788927335640139,0.9700115340253749,0.8765859284890427,0.8742791234140715,0.8961937716262975,0.9700115340253749,0.9930795847750865,0.972318339100346
ENSMLET00000038537,0.8777393310265282,0.916955017301038,0.8696655132641292,0.881199538638985,0.8985005767012687,0.9873125720876585,0.9642445213379469,0.7739331026528259,0.9769319492502884,0.9688581314878892,0.8996539792387543,0.8685121107266436,0.8742791234140715,0.776239907727797,0.8985005767012687,0.8835063437139562,0.9953863898500577,0.994232987312572,0.9630911188004614,0.8742791234140715,0.9953863898500577,0.8696655132641292,0.9688581314878892,1.0,0.9792387543252595,0.8985005767012687,0.9965397923875432,0.8985005767012687,0.903114186851211,0.8696655132641292,0.994232987312572,0.9642445213379469,0.9930795847750865
ENSPTET00000034998,0.8777393310265282,0.9054209919261822,0.8638985005767013,0.8869665513264129,0.8858131487889274,0.9780853517877739,0.9596309111880046,0.7773933102652826,0.9838523644752019,0.9642445213379469,0.8846597462514417,0.8627450980392157,0.8685121107266436,0.7739331026528259,0.8881199538638985,0.903114186851211,0.9838523644752019,0.9803921568627451,0.9584775086505191,0.8685121107266436,0.9838523644752019,0.8685121107266436,0.9642445213379469,0.9792387543252595,1.0,0.8881199538638985,0.9803921568627451,0.8881199538638985,0.8835063437139562,0.8638985005767013,0.9826989619377162,0.9596309111880046,0.9815455594002307
ENSMFAT00000007214,0.7889273356401384,0.8246828143021915,0.9711649365628604,0.9826989619377162,0.9976931949250288,0.8961937716262975,0.8742791234140715,0.6851211072664359,0.8858131487889274,0.8788927335640139,0.9965397923875432,0.9700115340253749,0.9757785467128027,0.8765859284890427,1.0,0.9850057670126874,0.903114186851211,0.9008073817762399,0.8731257208765859,0.9757785467128027,0.903114186851211,0.7797001153402537,0.8788927335640139,0.8985005767012687,0.8881199538638985,1.0,0.8996539792387543,0.9976931949250288,0.9953863898500577,0.9711649365628604,0.9008073817762399,0.8742791234140715,0.9008073817762399
ENSCATT00000038817,0.8788927335640139,0.9181084198385236,0.8708189158016147,0.8823529411764706,0.8996539792387543,0.9884659746251442,0.9653979238754326,0.7750865051903114,0.9780853517877739,0.9700115340253749,0.903114186851211,0.8719723183391004,0.8754325259515571,0.7773933102652826,0.8996539792387543,0.8846597462514417,0.9965397923875432,0.9953863898500577,0.9665513264129181,0.8754325259515571,0.9965397923875432,0.8708189158016147,0.9700115340253749,0.9965397923875432,0.9803921568627451,0.8996539792387543,1.0,0.8996539792387543,0.8996539792387543,0.8708189158016147,0.9953863898500577,0.9653979238754326,0.994232987312572
ENSTGET00000041098,0.7866205305651672,0.8223760092272203,0.9688581314878892,0.9803921568627451,0.9976931949250288,0.8938869665513264,0.8719723183391004,0.6839677047289504,0.8835063437139562,0.8765859284890427,0.9965397923875432,0.9677047289504037,0.9734717416378316,0.8742791234140715,0.9976931949250288,0.9850057670126874,0.9008073817762399,0.9008073817762399,0.8708189158016147,0.9734717416378316,0.9008073817762399,0.7773933102652826,0.8765859284890427,0.8985005767012687,0.8881199538638985,0.9976931949250288,0.8996539792387543,1.0,0.9953863898500577,0.9688581314878892,0.903114186851211,0.8719723183391004,0.8985005767012687
ENSMLET00000038542,0.7843137254901961,0.8200692041522492,0.9665513264129181,0.9780853517877739,0.9953863898500577,0.8915801614763552,0.8696655132641292,0.6805074971164936,0.881199538638985,0.8742791234140715,0.9965397923875432,0.9653979238754326,0.9711649365628604,0.8731257208765859,0.9953863898500577,0.9803921568627451,0.8985005767012687,0.8985005767012687,0.8685121107266436,0.9711649365628604,0.8985005767012687,0.776239907727797,0.8742791234140715,0.903114186851211,0.8835063437139562,0.9953863898500577,0.8996539792387543,0.9953863898500577,1.0,0.9665513264129181,0.8985005767012687,0.8696655132641292,0.8961937716262975
ENST00000560581,0.7831603229527105,0.7970011534025375,0.972318339100346,0.9584775086505191,0.9688581314878892,0.8673587081891581,0.8754325259515571,0.6851211072664359,0.8615916955017301,0.8961937716262975,0.9677047289504037,0.9873125720876585,0.9930795847750865,0.8777393310265282,0.9711649365628604,0.9607843137254902,0.8742791234140715,0.8719723183391004,0.8904267589388697,0.9930795847750865,0.8742791234140715,0.7808535178777394,0.8961937716262975,0.8696655132641292,0.8638985005767013,0.9711649365628604,0.8708189158016147,0.9688581314878892,0.9665513264129181,1.0,0.8719723183391004,0.903114186851211,0.8731257208765859
ENSTGET00000041096,0.8788927335640139,0.9181084198385236,0.8719723183391004,0.8835063437139562,0.9008073817762399,0.9884659746251442,0.9653979238754326,0.776239907727797,0.9780853517877739,0.9700115340253749,0.8996539792387543,0.8708189158016147,0.8765859284890427,0.7773933102652826,0.9008073817762399,0.8881199538638985,0.9965397923875432,0.9953863898500577,0.9642445213379469,0.8765859284890427,0.9965397923875432,0.8696655132641292,0.9700115340253749,0.994232987312572,0.9826989619377162,0.9008073817762399,0.9953863898500577,0.903114186851211,0.8985005767012687,0.8719723183391004,1.0,0.9653979238754326,0.994232987312572
ENST00000331090,0.8765859284890427,0.8915801614763552,0.8754325259515571,0.8615916955017301,0.8719723183391004,0.9630911188004614,0.972318339100346,0.7785467128027682,0.9573241061130334,0.9930795847750865,0.8708189158016147,0.8904267589388697,0.8961937716262975,0.7808535178777394,0.8742791234140715,0.8638985005767013,0.9688581314878892,0.9653979238754326,0.9873125720876585,0.8961937716262975,0.9688581314878892,0.8742791234140715,0.9930795847750865,0.9642445213379469,0.9596309111880046,0.8742791234140715,0.9653979238754326,0.8719723183391004,0.8696655132641292,0.903114186851211,0.9653979238754326,1.0,0.9677047289504037
ENSMMUT00000040373,0.8823529411764706,0.9238754325259516,0.8731257208765859,0.8835063437139562,0.8985005767012687,0.9896193771626297,0.9677047289504037,0.7785467128027682,0.9792387543252595,0.972318339100346,0.8973471741637832,0.8719723183391004,0.8777393310265282,0.7797001153402537,0.9008073817762399,0.8858131487889274,0.9976931949250288,0.994232987312572,0.9665513264129181,0.8777393310265282,0.9976931949250288,0.8731257208765859,0.972318339100346,0.9930795847750865,0.9815455594002307,0.9008073817762399,0.994232987312572,0.8985005767012687,0.8961937716262975,0.8731257208765859,0.994232987312572,0.9677047289504037,1.0
