,ENSMLUT00000005946,ENSBMUT00000025499,ENSOART00000021684,ENSPVAT00000009019,ENSBTAT00000063783,ENSCHIT00000020244
ENSMLUT00000005946,1.0,0.7866487755786649,0.10231465951023144,0.8815833612881583,0.7873196913787319,0.7990607178799061
ENSBMUT00000025499,0.7866487755786649,1.0,0.22911774572291177,0.7775914122777592,0.9946326735994633,0.9429721569942973
ENSOART00000021684,0.10231465951023144,0.22911774572291177,1.0,0.09661187520966119,0.22978866152297883,0.2418651459241865
ENSPVAT00000009019,0.8815833612881583,0.7775914122777592,0.09661187520966119,1.0,0.7789332438778933,0.791009728279101
ENSBTAT00000063783,0.7873196913787319,0.9946326735994633,0.22978866152297883,0.7789332438778933,1.0,0.9426366990942636
ENSCHIT00000020244,0.7990607178799061,0.9429721569942973,0.2418651459241865,0.791009728279101,0.9426366990942636,1.0
