	ENSSHAT00000006503	ENSSHAT00000006502	ENSPCIT00000004336	ENSPCIT00000004330	ENSSART00000001532	ENSMLUT00000000299	ENSMODT00000010408	ENSVURT00010031861
ENSSHAT00000006503	1.0	0.940766550522648	0.6318234610917538	0.8896631823461092	0.6538908246225319	0.7770034843205574	0.7897793263646922	0.8943089430894309
ENSSHAT00000006502	0.940766550522648	1.0	0.6898954703832753	0.9477351916376306	0.6782810685249709	0.8118466898954704	0.8443670150987224	0.9523809523809524
ENSPCIT00000004336	0.6318234610917538	0.6898954703832753	1.0	0.7282229965156795	0.4541231126596981	0.5865272938443671	0.59465737514518	0.7142857142857143
ENSPCIT00000004330	0.8896631823461092	0.9477351916376306	0.7282229965156795	1.0	0.6794425087108014	0.8095238095238095	0.8559814169570267	0.9767711962833914
ENSSART00000001532	0.6538908246225319	0.6782810685249709	0.4541231126596981	0.6794425087108014	1.0	0.727061556329849	0.5842044134727061	0.6794425087108014
ENSMLUT00000000299	0.7770034843205574	0.8118466898954704	0.5865272938443671	0.8095238095238095	0.727061556329849	1.0	0.718931475029036	0.8060394889663183
ENSMODT00000010408	0.7897793263646922	0.8443670150987224	0.59465737514518	0.8559814169570267	0.5842044134727061	0.718931475029036	1.0	0.8536585365853658
ENSVURT00010031861	0.8943089430894309	0.9523809523809524	0.7142857142857143	0.9767711962833914	0.6794425087108014	0.8060394889663183	0.8536585365853658	1.0
