,ENSCINT00000034633,ENSCINT00000037111,ENSCINT00000030888,ENSCINT00000036065,ENSCSAVT00000009650,F16F9.4.1
ENSCINT00000034633,1.0,0.7317736670293797,0.7007616974972797,0.721436343852013,0.5337323177366703,0.2094668117519043
ENSCINT00000037111,0.7317736670293797,1.0,0.8112078346028292,0.8449401523394995,0.6001088139281828,0.2709466811751904
ENSCINT00000030888,0.7007616974972797,0.8112078346028292,1.0,0.7127312295973884,0.6822633297062024,0.249727965179543
ENSCINT00000036065,0.721436343852013,0.8449401523394995,0.7127312295973884,1.0,0.5168661588683352,0.25571273122959737
ENSCSAVT00000009650,0.5337323177366703,0.6001088139281828,0.6822633297062024,0.5168661588683352,1.0,0.2986942328618063
F16F9.4.1,0.2094668117519043,0.2709466811751904,0.249727965179543,0.25571273122959737,0.2986942328618063,1.0
