,ENST00000307886,ENSPTRT00000077266,ENSSART00000009571,ENSGGOT00000010889,ENSPPAT00000041971,ENSPTRT00000007286,ENSPPAT00000041966
ENST00000307886,1.0,0.905982905982906,0.33943833943833945,0.9926739926739927,0.9065934065934066,0.9951159951159951,0.9957264957264957
ENSPTRT00000077266,0.905982905982906,1.0,0.2655677655677655,0.9023199023199023,0.9987789987789988,0.9108669108669109,0.9102564102564102
ENSSART00000009571,0.33943833943833945,0.2655677655677655,1.0,0.33821733821733824,0.2655677655677655,0.33821733821733824,0.33821733821733824
ENSGGOT00000010889,0.9926739926739927,0.9023199023199023,0.33821733821733824,1.0,0.9029304029304029,0.9914529914529915,0.9920634920634921
ENSPPAT00000041971,0.9065934065934066,0.9987789987789988,0.2655677655677655,0.9029304029304029,1.0,0.9102564102564102,0.9108669108669109
ENSPTRT00000007286,0.9951159951159951,0.9108669108669109,0.33821733821733824,0.9914529914529915,0.9102564102564102,1.0,0.9993894993894994
ENSPPAT00000041966,0.9957264957264957,0.9102564102564102,0.33821733821733824,0.9920634920634921,0.9108669108669109,0.9993894993894994,1.0
