,ENSMNET00000037849,ENSMFAT00000018656,ENSMLET00000042098,ENSGGOT00000053844,ENSCATT00000057330,ENSPPAT00000061573,ENSPTRT00000091844,ENSTGET00000022166,ENSPANT00000045998
ENSMNET00000037849,1.0,0.9947826086956522,0.9826086956521739,0.13913043478260867,0.9895652173913043,0.13913043478260867,0.13913043478260867,0.991304347826087,0.9843478260869565
ENSMFAT00000018656,0.9947826086956522,1.0,0.9808695652173913,0.13913043478260867,0.9878260869565217,0.13913043478260867,0.13913043478260867,0.9895652173913043,0.9826086956521739
ENSMLET00000042098,0.9826086956521739,0.9808695652173913,1.0,0.13565217391304352,0.9895652173913043,0.13565217391304352,0.13565217391304352,0.9843478260869565,0.9773913043478261
ENSGGOT00000053844,0.13913043478260867,0.13913043478260867,0.13565217391304352,1.0,0.1373913043478261,0.9808695652173913,0.9808695652173913,0.13913043478260867,0.13565217391304352
ENSCATT00000057330,0.9895652173913043,0.9878260869565217,0.9895652173913043,0.1373913043478261,1.0,0.1373913043478261,0.1373913043478261,0.991304347826087,0.9843478260869565
ENSPPAT00000061573,0.13913043478260867,0.13913043478260867,0.13565217391304352,0.9808695652173913,0.1373913043478261,1.0,1.0,0.13913043478260867,0.13565217391304352
ENSPTRT00000091844,0.13913043478260867,0.13913043478260867,0.13565217391304352,0.9808695652173913,0.1373913043478261,1.0,1.0,0.13913043478260867,0.13565217391304352
ENSTGET00000022166,0.991304347826087,0.9895652173913043,0.9843478260869565,0.13913043478260867,0.991304347826087,0.13913043478260867,0.13913043478260867,1.0,0.9930434782608696
ENSPANT00000045998,0.9843478260869565,0.9826086956521739,0.9773913043478261,0.13565217391304352,0.9843478260869565,0.13565217391304352,0.13565217391304352,0.9930434782608696,1.0
