	ENSPANT00000042173	ENSPTRT00000107915	ENSCATT00000017004	ENSMNET00000044582	ENSMLET00000008074	ENSMFAT00000065392
ENSPANT00000042173	1.0	0.3746397694524496	0.9927953890489912	0.9942363112391932	1.0	0.9596541786743517
ENSPTRT00000107915	0.3746397694524496	1.0	0.3746397694524496	0.37319884726224783	0.3746397694524496	0.3371757925072045
ENSCATT00000017004	0.9927953890489912	0.3746397694524496	1.0	0.989913544668588	0.9927953890489912	0.9553314121037464
ENSMNET00000044582	0.9942363112391932	0.37319884726224783	0.989913544668588	1.0	0.9942363112391932	0.9596541786743517
ENSMLET00000008074	1.0	0.3746397694524496	0.9927953890489912	0.9942363112391932	1.0	0.9596541786743517
ENSMFAT00000065392	0.9596541786743517	0.3371757925072045	0.9553314121037464	0.9596541786743517	0.9596541786743517	1.0
