	ENSSPUT00000026773	ENSAOWT00000032206	ENSCABT00000031839	ENSGAGT00000039520	ENSNPET00000004240	ENSABRT00000036037	ENSDNVT00000004806
ENSSPUT00000026773	1.0	0.6671368124118476	0.685472496473907	0.6629055007052186	0.5486600846262342	0.5825105782792666	0.6685472496473907
ENSAOWT00000032206	0.6671368124118476	1.0	0.6840620592383639	0.6290550070521862	0.7291960507757405	0.7574047954866009	0.9435825105782792
ENSCABT00000031839	0.685472496473907	0.6840620592383639	1.0	0.847672778561354	0.5401974612129761	0.5684062059238364	0.6798307475317349
ENSGAGT00000039520	0.6629055007052186	0.6290550070521862	0.847672778561354	1.0	0.4823695345557123	0.5162200282087447	0.6234132581100141
ENSNPET00000004240	0.5486600846262342	0.7291960507757405	0.5401974612129761	0.4823695345557123	1.0	0.6248236953455572	0.7249647390691114
ENSABRT00000036037	0.5825105782792666	0.7574047954866009	0.5684062059238364	0.5162200282087447	0.6248236953455572	1.0	0.7489421720733427
ENSDNVT00000004806	0.6685472496473907	0.9435825105782792	0.6798307475317349	0.6234132581100141	0.7249647390691114	0.7489421720733427	1.0
