,ENSCVAT00000005320,ENSPRNT00000022046,ENSPRET00000025492,ENSGAGT00000023494,ENSKMAT00000014617,ENSPMET00000014647,ENSCSET00000015436
ENSCVAT00000005320,1.0,0.7095148078134845,0.6846250787649654,0.5081915563957152,0.7854442344045368,0.684940138626339,0.632955261499685
ENSPRNT00000022046,0.7095148078134845,1.0,0.7775677378701953,0.5447385003150599,0.8030875866414618,0.8015122873345936,0.8739760554505356
ENSPRET00000025492,0.6846250787649654,0.7775677378701953,1.0,0.6222432262129804,0.6710775047258979,0.8994959042218021,0.7155009451795841
ENSGAGT00000023494,0.5081915563957152,0.5447385003150599,0.6222432262129804,1.0,0.5822306238185255,0.6055450535601764,0.5148078134845621
ENSKMAT00000014617,0.7854442344045368,0.8030875866414618,0.6710775047258979,0.5822306238185255,1.0,0.6455576559546313,0.77882797731569
ENSPMET00000014647,0.684940138626339,0.8015122873345936,0.8994959042218021,0.6055450535601764,0.6455576559546313,1.0,0.7457466918714556
ENSCSET00000015436,0.632955261499685,0.8739760554505356,0.7155009451795841,0.5148078134845621,0.77882797731569,0.7457466918714556,1.0
