	ENSPPYT00000023882	ENSNLET00000001275	ENSPTRT00000041011	ENSMICT00000011265	ENSPCOT00000025918	ENSGGOT00000005491	ENST00000373514	ENSPSMT00000029462	ENSPPAT00000050551
ENSPPYT00000023882	1.0	0.9755244755244756	0.9836829836829836	0.8939393939393939	0.9032634032634032	0.9813519813519812	0.98018648018648	0.8951048951048951	0.9836829836829836
ENSNLET00000001275	0.9755244755244756	1.0	0.9755244755244756	0.8892773892773893	0.8986013986013986	0.9731934731934732	0.9720279720279721	0.8916083916083916	0.9755244755244756
ENSPTRT00000041011	0.9836829836829836	0.9755244755244756	1.0	0.8939393939393939	0.9055944055944056	0.9930069930069929	0.9941724941724942	0.8951048951048951	1.0
ENSMICT00000011265	0.8939393939393939	0.8892773892773893	0.8939393939393939	1.0	0.9662004662004662	0.8927738927738927	0.8927738927738927	0.9545454545454546	0.8939393939393939
ENSPCOT00000025918	0.9032634032634032	0.8986013986013986	0.9055944055944056	0.9662004662004662	1.0	0.902097902097902	0.9044289044289044	0.9696969696969696	0.9055944055944056
ENSGGOT00000005491	0.9813519813519812	0.9731934731934732	0.9930069930069929	0.8927738927738927	0.902097902097902	1.0	0.9895104895104896	0.8939393939393939	0.9930069930069929
ENST00000373514	0.98018648018648	0.9720279720279721	0.9941724941724942	0.8927738927738927	0.9044289044289044	0.9895104895104896	1.0	0.8939393939393939	0.9941724941724942
ENSPSMT00000029462	0.8951048951048951	0.8916083916083916	0.8951048951048951	0.9545454545454546	0.9696969696969696	0.8939393939393939	0.8939393939393939	1.0	0.8951048951048951
ENSPPAT00000050551	0.9836829836829836	0.9755244755244756	1.0	0.8939393939393939	0.9055944055944056	0.9930069930069929	0.9941724941724942	0.8951048951048951	1.0
