	ENSPKIT00000038011	ENSCHAT00000000810	ENSPKIT00000001327	ENSSFOT00015006795	ENSCHAT00000000807	ENSDCDT00000051999
ENSPKIT00000038011	1.0	0.7665480427046263	0.8370106761565836	0.493950177935943	0.7466192170818505	0.801423487544484
ENSCHAT00000000810	0.7665480427046263	1.0	0.7644128113879004	0.4548042704626334	0.9679715302491104	0.8348754448398576
ENSPKIT00000001327	0.8370106761565836	0.7644128113879004	1.0	0.493950177935943	0.7444839857651245	0.8007117437722421
ENSSFOT00015006795	0.493950177935943	0.4548042704626334	0.493950177935943	1.0	0.4227758007117437	0.4676156583629894
ENSCHAT00000000807	0.7466192170818505	0.9679715302491104	0.7444839857651245	0.4227758007117437	1.0	0.8149466192170819
ENSDCDT00000051999	0.801423487544484	0.8348754448398576	0.8007117437722421	0.4676156583629894	0.8149466192170819	1.0
