,ENSORLT00000009621,ENSKMAT00000013339,ENSXCOT00000013904,ENSCVAT00000031795,ENSXMAT00000010508,ENSPLAT00000006370,ENSPMET00000034191,ENSGAFT00000010691
ENSORLT00000009621,1.0,0.9565217391304348,0.9420289855072463,0.9202898550724637,0.9347826086956522,0.9347826086956522,0.9130434782608695,0.9202898550724637
ENSKMAT00000013339,0.9565217391304348,1.0,0.9420289855072463,0.9202898550724637,0.9347826086956522,0.9492753623188406,0.927536231884058,0.9202898550724637
ENSXCOT00000013904,0.9420289855072463,0.9420289855072463,1.0,0.9347826086956522,0.9927536231884058,0.9927536231884058,0.9710144927536232,0.9782608695652174
ENSCVAT00000031795,0.9202898550724637,0.9202898550724637,0.9347826086956522,1.0,0.927536231884058,0.927536231884058,0.9057971014492754,0.9130434782608695
ENSXMAT00000010508,0.9347826086956522,0.9347826086956522,0.9927536231884058,0.927536231884058,1.0,0.9855072463768116,0.9637681159420289,0.9710144927536232
ENSPLAT00000006370,0.9347826086956522,0.9492753623188406,0.9927536231884058,0.927536231884058,0.9855072463768116,1.0,0.9782608695652174,0.9710144927536232
ENSPMET00000034191,0.9130434782608695,0.927536231884058,0.9710144927536232,0.9057971014492754,0.9637681159420289,0.9782608695652174,1.0,0.9927536231884058
ENSGAFT00000010691,0.9202898550724637,0.9202898550724637,0.9782608695652174,0.9130434782608695,0.9710144927536232,0.9710144927536232,0.9927536231884058,1.0
