,ENSCJAT00000098472,ENSTGET00000029509,ENSMMUT00000073472,ENSOCUT00000043443,ENST00000645590,ENSPTET00000040937
ENSCJAT00000098472,1.0,0.8601036269430051,0.8635578583765112,0.697754749568221,0.8618307426597582,0.8376511226252159
ENSTGET00000029509,0.8601036269430051,1.0,0.9879101899827288,0.6839378238341969,0.9585492227979274,0.9620034542314335
ENSMMUT00000073472,0.8635578583765112,0.9879101899827288,1.0,0.6856649395509499,0.9602763385146805,0.9637305699481865
ENSOCUT00000043443,0.697754749568221,0.6839378238341969,0.6856649395509499,1.0,0.6804835924006909,0.6632124352331606
ENST00000645590,0.8618307426597582,0.9585492227979274,0.9602763385146805,0.6804835924006909,1.0,0.9447322970639033
ENSPTET00000040937,0.8376511226252159,0.9620034542314335,0.9637305699481865,0.6632124352331606,0.9447322970639033,1.0
