,FBtr0346752,FBtr0346751,FBtr0346746,FBtr0346741,FBtr0346740,FBtr0346743,FBtr0346739,FBtr0346748,FBtr0078270
FBtr0346752,1.0,0.993798449612403,0.9922480620155039,0.993798449612403,0.9968992248062015,0.9953488372093023,0.9782945736434109,0.9829457364341085,0.9178294573643411
FBtr0346751,0.993798449612403,1.0,0.9922480620155039,1.0,0.9968992248062015,0.9953488372093023,0.9782945736434109,0.9829457364341085,0.9178294573643411
FBtr0346746,0.9922480620155039,0.9922480620155039,1.0,0.9922480620155039,0.9953488372093023,0.993798449612403,0.9767441860465116,0.9813953488372092,0.9162790697674419
FBtr0346741,0.993798449612403,1.0,0.9922480620155039,1.0,0.9968992248062015,0.9953488372093023,0.9782945736434109,0.9829457364341085,0.9178294573643411
FBtr0346740,0.9968992248062015,0.9968992248062015,0.9953488372093023,0.9968992248062015,1.0,0.9984496124031008,0.9813953488372092,0.986046511627907,0.9209302325581395
FBtr0346743,0.9953488372093023,0.9953488372093023,0.993798449612403,0.9953488372093023,0.9984496124031008,1.0,0.9829457364341085,0.9875968992248062,0.9193798449612403
FBtr0346739,0.9782945736434109,0.9782945736434109,0.9767441860465116,0.9782945736434109,0.9813953488372092,0.9829457364341085,1.0,0.9891472868217054,0.9147286821705426
FBtr0346748,0.9829457364341085,0.9829457364341085,0.9813953488372092,0.9829457364341085,0.986046511627907,0.9875968992248062,0.9891472868217054,1.0,0.9209302325581395
FBtr0078270,0.9178294573643411,0.9178294573643411,0.9162790697674419,0.9178294573643411,0.9209302325581395,0.9193798449612403,0.9147286821705426,0.9209302325581395,1.0
