,ENSCHAT00000016473,ENSCHAT00000016552,ENSCHAT00000016363,ENSDCDT00000031088,ENSCHAT00000016178,ENSDCDT00000031162,ENSDCDT00000031166
ENSCHAT00000016473,1.0,0.9693251533742331,0.9188018765788524,0.5463731504871887,0.91014074341393,0.6827859978347167,0.7813063875857091
ENSCHAT00000016552,0.9693251533742331,1.0,0.8881270299530856,0.5380728978708048,0.8794658967881631,0.6629375676651028,0.7614579574160952
ENSCHAT00000016363,0.9188018765788524,0.8881270299530856,1.0,0.5839047275351859,0.945867917719235,0.7271743053049441,0.7982677733670155
ENSDCDT00000031088,0.5463731504871887,0.5380728978708048,0.5839047275351859,1.0,0.5885961746661855,0.6997473836160231,0.7351136773727897
ENSCHAT00000016178,0.91014074341393,0.8794658967881631,0.945867917719235,0.5885961746661855,1.0,0.7250090220137134,0.7964633706243234
ENSDCDT00000031162,0.6827859978347167,0.6629375676651028,0.7271743053049441,0.6997473836160231,0.7250090220137134,1.0,0.8599783471670877
ENSDCDT00000031166,0.7813063875857091,0.7614579574160952,0.7982677733670155,0.7351136773727897,0.7964633706243234,0.8599783471670877,1.0
