,ENSSPUT00000016525,ENSHHUT00000039589,ENSHHUT00000007796,ENSHHUT00000007798,ENSHHUT00000039584,ENSHHUT00000039574,ENSHHUT00000007800
ENSSPUT00000016525,1.0,0.2877406281661601,0.49949341438703143,0.5572441742654508,0.3272543059777102,0.39311043566362713,0.4002026342451874
ENSHHUT00000039589,0.2877406281661601,1.0,0.4022289766970618,0.5572441742654508,0.7720364741641338,0.8693009118541033,0.4721377912867275
ENSHHUT00000007796,0.49949341438703143,0.4022289766970618,1.0,0.8449848024316109,0.6291793313069909,0.5319148936170213,0.8267477203647416
ENSHHUT00000007798,0.5572441742654508,0.5572441742654508,0.8449848024316109,1.0,0.5896656534954408,0.6869300911854104,0.7872340425531915
ENSHHUT00000039584,0.3272543059777102,0.7720364741641338,0.6291793313069909,0.5896656534954408,1.0,0.9027355623100304,0.5724417426545086
ENSHHUT00000039574,0.39311043566362713,0.8693009118541033,0.5319148936170213,0.6869300911854104,0.9027355623100304,1.0,0.475177304964539
ENSHHUT00000007800,0.4002026342451874,0.4721377912867275,0.8267477203647416,0.7872340425531915,0.5724417426545086,0.475177304964539,1.0
