,ENSDNVT00000007509,ENSDNVT00000007499,ENSAOWT00000031590,ENSAHAT00000017441,ENSARWT00000019100,ENSARWT00000019110
ENSDNVT00000007509,1.0,1.0,0.5490848585690515,0.5121464226289517,0.7940099833610649,0.524459234608985
ENSDNVT00000007499,1.0,1.0,0.5490848585690515,0.5121464226289517,0.7940099833610649,0.524459234608985
ENSAOWT00000031590,0.5490848585690515,0.5490848585690515,1.0,0.9597337770382696,0.5430948419301165,0.9703826955074876
ENSAHAT00000017441,0.5121464226289517,0.5121464226289517,0.9597337770382696,1.0,0.5241264559068219,0.9517470881863561
ENSARWT00000019100,0.7940099833610649,0.7940099833610649,0.5430948419301165,0.5241264559068219,1.0,0.5723793677204659
ENSARWT00000019110,0.524459234608985,0.524459234608985,0.9703826955074876,0.9517470881863561,0.5723793677204659,1.0
