	ENSGAFT00000030257	ENSPLAT00000012130	ENSXCOT00000028153	ENSNBRT00000031175	ENSCVAT00000012628	ENSFHET00000027367	ENSLBET00000028325	ENSAOCT00000032617
ENSGAFT00000030257	1.0	0.6268221574344023	0.5145772594752187	0.4052478134110787	0.6049562682215743	0.5860058309037901	0.7026239067055393	0.5349854227405247
ENSPLAT00000012130	0.6268221574344023	1.0	0.749271137026239	0.5932944606413995	0.8950437317784257	0.8935860058309038	0.7871720116618076	0.739067055393586
ENSXCOT00000028153	0.5145772594752187	0.749271137026239	1.0	0.4927113702623906	0.7186588921282799	0.6967930029154519	0.6749271137026239	0.6341107871720116
ENSNBRT00000031175	0.4052478134110787	0.5932944606413995	0.4927113702623906	1.0	0.6093294460641401	0.5670553935860059	0.5874635568513119	0.5641399416909622
ENSCVAT00000012628	0.6049562682215743	0.8950437317784257	0.7186588921282799	0.6093294460641401	1.0	0.8877551020408163	0.7784256559766763	0.7463556851311953
ENSFHET00000027367	0.5860058309037901	0.8935860058309038	0.6967930029154519	0.5670553935860059	0.8877551020408163	1.0	0.7551020408163265	0.706997084548105
ENSLBET00000028325	0.7026239067055393	0.7871720116618076	0.6749271137026239	0.5874635568513119	0.7784256559766763	0.7551020408163265	1.0	0.7172011661807579
ENSAOCT00000032617	0.5349854227405247	0.739067055393586	0.6341107871720116	0.5641399416909622	0.7463556851311953	0.706997084548105	0.7172011661807579	1.0
