	ENSOPRT00000002294	ENST00000346246	ENSPSMT00000029564	ENSPTRT00000050104	ENSOCUT00000031811	ENSPPAT00000055586	ENSTBET00000007573
ENSOPRT00000002294	1.0	0.6561447811447811	0.2828282828282829	0.6595117845117845	0.6241582491582491	0.6014309764309764	0.5770202020202021
ENST00000346246	0.6561447811447811	1.0	0.4478114478114479	0.9831649831649832	0.5921717171717171	0.9318181818181818	0.8156565656565656
ENSPSMT00000029564	0.2828282828282829	0.4478114478114479	1.0	0.4486531986531985	0.2946127946127945	0.4048821548821549	0.4448653198653199
ENSPTRT00000050104	0.6595117845117845	0.9831649831649832	0.4486531986531985	1.0	0.5938552188552189	0.9276094276094276	0.8055555555555556
ENSOCUT00000031811	0.6241582491582491	0.5921717171717171	0.2946127946127945	0.5938552188552189	1.0	0.5345117845117845	0.5210437710437711
ENSPPAT00000055586	0.6014309764309764	0.9318181818181818	0.4048821548821549	0.9276094276094276	0.5345117845117845	1.0	0.7584175084175084
ENSTBET00000007573	0.5770202020202021	0.8156565656565656	0.4448653198653199	0.8055555555555556	0.5210437710437711	0.7584175084175084	1.0
