	FBtr0084399	FBtr0070910	FBtr0343373	FBtr0070909	ENSABRT00000033483	ENSABRT00000033542
FBtr0084399	1.0	0.3457119409109561	0.34324989741485434	0.3457119409109561	0.16659827656955273	0.2174805088223225
FBtr0070910	0.3457119409109561	1.0	0.9975379565038982	1.0	0.36622897004513744	0.3403775133360689
FBtr0343373	0.34324989741485434	0.9975379565038982	1.0	0.9975379565038982	0.36376692654903575	0.3379154698399671
FBtr0070909	0.3457119409109561	1.0	0.9975379565038982	1.0	0.36622897004513744	0.3403775133360689
ENSABRT00000033483	0.16659827656955273	0.36622897004513744	0.36376692654903575	0.36622897004513744	1.0	0.942757488715634
ENSABRT00000033542	0.2174805088223225	0.3403775133360689	0.3379154698399671	0.3403775133360689	0.942757488715634	1.0
