,ENSCCAT00000030769,ENSRROT00000063405,ENSMNET00000018003,ENSPANT00000043743,ENSPTET00000051149,ENSMFAT00000063804
ENSCCAT00000030769,1.0,0.7114427860696517,0.8109452736318408,0.736318407960199,0.7661691542288557,0.8109452736318408
ENSRROT00000063405,0.7114427860696517,1.0,0.8706467661691543,0.8109452736318408,0.8208955223880597,0.8706467661691543
ENSMNET00000018003,0.8109452736318408,0.8706467661691543,1.0,0.900497512437811,0.9104477611940298,0.9900497512437811
ENSPANT00000043743,0.736318407960199,0.8109452736318408,0.900497512437811,1.0,0.8407960199004975,0.900497512437811
ENSPTET00000051149,0.7661691542288557,0.8208955223880597,0.9104477611940298,0.8407960199004975,1.0,0.9104477611940298
ENSMFAT00000063804,0.8109452736318408,0.8706467661691543,0.9900497512437811,0.900497512437811,0.9104477611940298,1.0
