	ENSVURT00010023781	ENSSHAT00000022216	ENSMODT00000042523	ENST00000582401	ENSPCIT00000018937	ENSMEUT00000002423	ENSVURT00010001966
ENSVURT00010023781	1.0	0.9311449159327462	0.9375500400320256	0.8470776621297038	0.9583666933546836	0.8158526821457166	1.0
ENSSHAT00000022216	0.9311449159327462	1.0	0.9367493995196156	0.855084067253803	0.9359487590072058	0.8078462770216173	0.9311449159327462
ENSMODT00000042523	0.9375500400320256	0.9367493995196156	1.0	0.8582866293034428	0.9423538831064852	0.8126501200960768	0.9375500400320256
ENST00000582401	0.8470776621297038	0.855084067253803	0.8582866293034428	1.0	0.8526821457165733	0.7301841473178543	0.8470776621297038
ENSPCIT00000018937	0.9583666933546836	0.9359487590072058	0.9423538831064852	0.8526821457165733	1.0	0.8190552441953562	0.9583666933546836
ENSMEUT00000002423	0.8158526821457166	0.8078462770216173	0.8126501200960768	0.7301841473178543	0.8190552441953562	1.0	0.8158526821457166
ENSVURT00010001966	1.0	0.9311449159327462	0.9375500400320256	0.8470776621297038	0.9583666933546836	0.8158526821457166	1.0
