	FBtr0074838	ENSCINT00000012594	FBtr0344228	ENSCSAVT00000008217	FBtr0074837	FBtr0332775
FBtr0074838	1.0	0.6655965757089353	1.0	0.6131621187800963	1.0	0.93525949705725
ENSCINT00000012594	0.6655965757089353	1.0	0.6655965757089353	0.8105939004815409	0.6655965757089353	0.7217763509898342
FBtr0344228	1.0	0.6655965757089353	1.0	0.6131621187800963	1.0	0.93525949705725
ENSCSAVT00000008217	0.6131621187800963	0.8105939004815409	0.6131621187800963	1.0	0.6131621187800963	0.6693418940609952
FBtr0074837	1.0	0.6655965757089353	1.0	0.6131621187800963	1.0	0.93525949705725
FBtr0332775	0.93525949705725	0.7217763509898342	0.93525949705725	0.6693418940609952	0.93525949705725	1.0
