	ENSRROT00000022719	ENSPPRT00000019290	ENSRBIT00000052340	ENSMSIT00000028471	ENSODET00000001226	ENSPPRT00000019287
ENSRROT00000022719	1.0	0.7225548902195609	1.0	0.7664670658682635	0.7984031936127745	0.8103792415169659
ENSPPRT00000019290	0.7225548902195609	1.0	0.7225548902195609	0.6387225548902196	0.6646706586826348	0.8203592814371258
ENSRBIT00000052340	1.0	0.7225548902195609	1.0	0.7664670658682635	0.7984031936127745	0.8103792415169659
ENSMSIT00000028471	0.7664670658682635	0.6387225548902196	0.7664670658682635	1.0	0.7225548902195609	0.7504990019960079
ENSODET00000001226	0.7984031936127745	0.6646706586826348	0.7984031936127745	0.7225548902195609	1.0	0.7824351297405191
ENSPPRT00000019287	0.8103792415169659	0.8203592814371258	0.8103792415169659	0.7504990019960079	0.7824351297405191	1.0
