,ENSMODT00000065068,ENSSHAT00000007919,ENSMODT00000062291,ENSMODT00000081628,ENSSHAT00000000785,ENSMODT00000083182
ENSMODT00000065068,1.0,0.819047619047619,0.9481481481481482,0.9513227513227513,0.8518518518518519,0.9333333333333333
ENSSHAT00000007919,0.819047619047619,1.0,0.8063492063492064,0.8158730158730159,0.8783068783068783,0.8084656084656084
ENSMODT00000062291,0.9481481481481482,0.8063492063492064,1.0,0.9502645502645503,0.8380952380952381,0.9312169312169312
ENSMODT00000081628,0.9513227513227513,0.8158730158730159,0.9502645502645503,1.0,0.8497354497354498,0.944973544973545
ENSSHAT00000000785,0.8518518518518519,0.8783068783068783,0.8380952380952381,0.8497354497354498,1.0,0.8423280423280424
ENSMODT00000083182,0.9333333333333333,0.8084656084656084,0.9312169312169312,0.944973544973545,0.8423280423280424,1.0
