,ENST00000528972,ENSRBIT00000057023,ENSRROT00000000988,ENST00000533250,ENSGGOT00000056914,ENSNLET00000020022
ENST00000528972,1.0,0.8574561403508771,0.9342105263157895,1.0,0.9857456140350878,0.9396929824561403
ENSRBIT00000057023,0.8574561403508771,1.0,0.9155701754385965,0.8574561403508771,0.8530701754385965,0.8410087719298246
ENSRROT00000000988,0.9342105263157895,0.9155701754385965,1.0,0.9342105263157895,0.930921052631579,0.9199561403508771
ENST00000533250,1.0,0.8574561403508771,0.9342105263157895,1.0,0.9857456140350878,0.9396929824561403
ENSGGOT00000056914,0.9857456140350878,0.8530701754385965,0.930921052631579,0.9857456140350878,1.0,0.9418859649122807
ENSNLET00000020022,0.9396929824561403,0.8410087719298246,0.9199561403508771,0.9396929824561403,0.9418859649122807,1.0
