	ENSCINT00000034150	ENSCINT00000000082	ENSCINT00000020030	ENSCINT00000028401	ENSCSAVT00000003162	ENSCSAVT00000003163	ENSCSAVT00000008917	ENSCSAVT00000008918
ENSCINT00000034150	1.0	0.5411670663469225	0.35811350919264595	0.34292565947242204	0.4012789768185452	0.4324540367705836	0.4788169464428458	0.5195843325339728
ENSCINT00000000082	0.5411670663469225	1.0	0.6602717825739408	0.7002398081534772	0.6514788169464428	0.6594724220623501	0.4116706634692247	0.4524380495603517
ENSCINT00000020030	0.35811350919264595	0.6602717825739408	1.0	0.8713029576338929	0.5803357314148679	0.5883293365307753	0.3780975219824141	0.4188649080735412
ENSCINT00000028401	0.34292565947242204	0.7002398081534772	0.8713029576338929	1.0	0.542765787370104	0.5507593924860112	0.37330135891286975	0.4140687450039968
ENSCSAVT00000003162	0.4012789768185452	0.6514788169464428	0.5803357314148679	0.542765787370104	1.0	0.9688249400479616	0.3972821742605915	0.4380495603517186
ENSCSAVT00000003163	0.4324540367705836	0.6594724220623501	0.5883293365307753	0.5507593924860112	0.9688249400479616	1.0	0.4284572342126298	0.46922462030375706
ENSCSAVT00000008917	0.4788169464428458	0.4116706634692247	0.3780975219824141	0.37330135891286975	0.3972821742605915	0.4284572342126298	1.0	0.9048760991207034
ENSCSAVT00000008918	0.5195843325339728	0.4524380495603517	0.4188649080735412	0.4140687450039968	0.4380495603517186	0.46922462030375706	0.9048760991207034	1.0
