	ENSCLAT00000011890	ENSCPOT00000048220	ENSCPOT00000037378	ENSCAPT00000018975	ENSCPOT00000010160	ENSODET00000005341
ENSCLAT00000011890	1.0	0.7181818181818181	0.9509090909090908	0.9515151515151516	0.9109090909090908	0.9618181818181818
ENSCPOT00000048220	0.7181818181818181	1.0	0.7672727272727272	0.7654545454545455	0.8072727272727273	0.7163636363636363
ENSCPOT00000037378	0.9509090909090908	0.7672727272727272	1.0	0.9981818181818182	0.96	0.9490909090909092
ENSCAPT00000018975	0.9515151515151516	0.7654545454545455	0.9981818181818182	1.0	0.958181818181818	0.9484848484848484
ENSCPOT00000010160	0.9109090909090908	0.8072727272727273	0.96	0.958181818181818	1.0	0.9090909090909092
ENSODET00000005341	0.9618181818181818	0.7163636363636363	0.9490909090909092	0.9484848484848484	0.9090909090909092	1.0
