,ENSGGOT00000029375,ENSCJAT00000098766,ENSPTRT00000107902,ENSPPYT00000013489,ENSPTET00000032760,ENSPPAT00000041585
ENSGGOT00000029375,1.0,0.9272727272727272,0.9939393939393939,0.9575757575757575,0.9272727272727272,0.9939393939393939
ENSCJAT00000098766,0.9272727272727272,1.0,0.9212121212121213,0.9333333333333333,0.9212121212121213,0.9212121212121213
ENSPTRT00000107902,0.9939393939393939,0.9212121212121213,1.0,0.9515151515151515,0.9212121212121213,1.0
ENSPPYT00000013489,0.9575757575757575,0.9333333333333333,0.9515151515151515,1.0,0.9090909090909091,0.9515151515151515
ENSPTET00000032760,0.9272727272727272,0.9212121212121213,0.9212121212121213,0.9090909090909091,1.0,0.9212121212121213
ENSPPAT00000041585,0.9939393939393939,0.9212121212121213,1.0,0.9515151515151515,0.9212121212121213,1.0
