	F19C7.7.1	F36A4.10.1	F23H12.4a.1	F54B11.1.1	F41F3.4.1	F36A4.6.1	Y41E3.2.1	F23H12.4b.1	Y38C1BA.3.1
F19C7.7.1	1.0	0.7406235878897425	0.7686398553999096	0.7171260732037957	0.7230004518752824	0.6990510619069137	0.7374604609127879	0.7469498418436512	0.7211929507455942
F36A4.10.1	0.7406235878897425	1.0	0.815634884771803	0.7302304563940353	0.8296430185268866	0.8590149118843199	0.8685042928151829	0.8309986443741527	0.8079530049706278
F23H12.4a.1	0.7686398553999096	0.815634884771803	1.0	0.7361048350655219	0.7645729778581112	0.7749661093538184	0.8056936285585179	0.9105286940804338	0.7686398553999096
F54B11.1.1	0.7171260732037957	0.7302304563940353	0.7361048350655219	1.0	0.7166741979213737	0.7031179394487121	0.7175779484862178	0.710799819249887	0.7044735652959783
F41F3.4.1	0.7230004518752824	0.8296430185268866	0.7645729778581112	0.7166741979213737	1.0	0.7921373700858563	0.8147311342069589	0.7736104835065521	0.7885223678264799
F36A4.6.1	0.6990510619069137	0.8590149118843199	0.7749661093538184	0.7031179394487121	0.7921373700858563	1.0	0.8142792589245368	0.7912336195210122	0.7817442385901491
Y41E3.2.1	0.7374604609127879	0.8685042928151829	0.8056936285585179	0.7175779484862178	0.8147311342069589	0.8142792589245368	1.0	0.8174423859014912	0.8206055128784455
F23H12.4b.1	0.7469498418436512	0.8309986443741527	0.9105286940804338	0.710799819249887	0.7736104835065521	0.7912336195210122	0.8174423859014912	1.0	0.7776773610483506
Y38C1BA.3.1	0.7211929507455942	0.8079530049706278	0.7686398553999096	0.7044735652959783	0.7885223678264799	0.7817442385901491	0.8206055128784455	0.7776773610483506	1.0
