,ENSAOWT00000006430,ENSARWT00000010513,ENSDNVT00000032082,ENSAOWT00000006435,ENSDNVT00000032078,ENSDNVT00000032084,ENSAHAT00000018705,ENSDNVT00000032081,ENSDNVT00000032080
ENSAOWT00000006430,1.0,0.07568483479243149,0.34199378706580064,0.07568483479243149,0.3530076249646992,0.29709121717029086,0.3400169443659984,0.3114939282688506,0.3530076249646992
ENSARWT00000010513,0.07568483479243149,1.0,0.6345665066365433,0.9977407512002259,0.645580344535442,0.5896639367410336,0.7048856255295114,0.6040666478395933,0.645580344535442
ENSDNVT00000032082,0.34199378706580064,0.6345665066365433,1.0,0.6356961310364304,0.9889861621011014,0.9550974301044902,0.9130189212086981,0.96950014120305,0.9889861621011014
ENSAOWT00000006435,0.07568483479243149,0.9977407512002259,0.6356961310364304,1.0,0.646709968935329,0.5907935611409206,0.7060152499293985,0.6051962722394804,0.646709968935329
ENSDNVT00000032078,0.3530076249646992,0.645580344535442,0.9889861621011014,0.646709968935329,1.0,0.9440835922055917,0.9240327591075967,0.9584863033041514,1.0
ENSDNVT00000032084,0.29709121717029086,0.5896639367410336,0.9550974301044902,0.5907935611409206,0.9440835922055917,1.0,0.8681163513131883,0.9743010449025699,0.9440835922055917
ENSAHAT00000018705,0.3400169443659984,0.7048856255295114,0.9130189212086981,0.7060152499293985,0.9240327591075967,0.8681163513131883,1.0,0.882519062411748,0.9240327591075967
ENSDNVT00000032081,0.3114939282688506,0.6040666478395933,0.96950014120305,0.6051962722394804,0.9584863033041514,0.9743010449025699,0.882519062411748,1.0,0.9584863033041514
ENSDNVT00000032080,0.3530076249646992,0.645580344535442,0.9889861621011014,0.646709968935329,1.0,0.9440835922055917,0.9240327591075967,0.9584863033041514,1.0
