,ENSRBIT00000034728,ENSNLET00000041885,ENSCJAT00000116080,ENSPANT00000045123,ENSPTET00000018427,ENSPSMT00000013970
ENSRBIT00000034728,1.0,0.9938271604938271,0.9135802469135802,0.9938271604938271,0.9753086419753086,0.9135802469135802
ENSNLET00000041885,0.9938271604938271,1.0,0.9197530864197531,1.0,0.9814814814814815,0.9197530864197531
ENSCJAT00000116080,0.9135802469135802,0.9197530864197531,1.0,0.9197530864197531,0.9135802469135802,0.8703703703703703
ENSPANT00000045123,0.9938271604938271,1.0,0.9197530864197531,1.0,0.9814814814814815,0.9197530864197531
ENSPTET00000018427,0.9753086419753086,0.9814814814814815,0.9135802469135802,0.9814814814814815,1.0,0.9012345679012346
ENSPSMT00000013970,0.9135802469135802,0.9197530864197531,0.8703703703703703,0.9197530864197531,0.9012345679012346,1.0
