	ENSNLET00000042387	ENSGGOT00000047216	ENSPPAT00000042709	ENSPANT00000046870	ENSMFAT00000002506	ENSRBIT00000035698	ENSMNET00000035140
ENSNLET00000042387	1.0	0.8382978723404255	0.8414893617021276	0.5521276595744681	0.5861702127659575	0.6053191489361702	0.5574468085106383
ENSGGOT00000047216	0.8382978723404255	1.0	0.9819148936170212	0.5393617021276595	0.5734042553191488	0.5925531914893617	0.5446808510638298
ENSPPAT00000042709	0.8414893617021276	0.9819148936170212	1.0	0.5372340425531915	0.5712765957446808	0.5904255319148937	0.5425531914893617
ENSPANT00000046870	0.5521276595744681	0.5393617021276595	0.5372340425531915	1.0	0.8702127659574468	0.8797872340425532	0.8265957446808511
ENSMFAT00000002506	0.5861702127659575	0.5734042553191488	0.5712765957446808	0.8702127659574468	1.0	0.9606382978723405	0.9329787234042554
ENSRBIT00000035698	0.6053191489361702	0.5925531914893617	0.5904255319148937	0.8797872340425532	0.9606382978723405	1.0	0.9170212765957448
ENSMNET00000035140	0.5574468085106383	0.5446808510638298	0.5425531914893617	0.8265957446808511	0.9329787234042554	0.9170212765957448	1.0
