	ENSCATT00000046838	ENSPPAT00000052886	ENSPTRT00000088299	ENSGGOT00000028897	ENSRBIT00000060256	ENSRROT00000058471
ENSCATT00000046838	1.0	0.8934169278996865	0.6332288401253918	0.8996865203761756	0.9592476489028212	0.9655172413793104
ENSPPAT00000052886	0.8934169278996865	1.0	0.7241379310344828	0.9905956112852664	0.8996865203761756	0.8996865203761756
ENSPTRT00000088299	0.6332288401253918	0.7241379310344828	1.0	0.7335423197492164	0.6332288401253918	0.6394984326018809
ENSGGOT00000028897	0.8996865203761756	0.9905956112852664	0.7335423197492164	1.0	0.8996865203761756	0.9059561128526644
ENSRBIT00000060256	0.9592476489028212	0.8996865203761756	0.6332288401253918	0.8996865203761756	1.0	0.9937304075235108
ENSRROT00000058471	0.9655172413793104	0.8996865203761756	0.6394984326018809	0.9059561128526644	0.9937304075235108	1.0
