,ENSPNYT00000014893,ENSPNYT00000014885,ENSOMET00000009704,ENSGACT00000009298,ENSGMOT00000009836,ENSOMET00000009697,ENSPNYT00000014906
ENSPNYT00000014893,1.0,0.9528795811518325,0.5468295520651542,0.14717859220477025,0.11169284467713791,0.6160558464223386,0.9528795811518325
ENSPNYT00000014885,0.9528795811518325,1.0,0.5837696335078534,0.10529377545084351,0.07184409540430481,0.5747527632344386,1.0
ENSOMET00000009704,0.5468295520651542,0.5837696335078534,1.0,0.14834205933682376,0.11634671320535195,0.924956369982548,0.5837696335078534
ENSGACT00000009298,0.14717859220477025,0.10529377545084351,0.14834205933682376,1.0,0.9482257126236184,0.21669575334496805,0.10529377545084351
ENSGMOT00000009836,0.11169284467713791,0.07184409540430481,0.11634671320535195,0.9482257126236184,1.0,0.18150087260034908,0.07184409540430481
ENSOMET00000009697,0.6160558464223386,0.5747527632344386,0.924956369982548,0.21669575334496805,0.18150087260034908,1.0,0.5747527632344386
ENSPNYT00000014906,0.9528795811518325,1.0,0.5837696335078534,0.10529377545084351,0.07184409540430481,0.5747527632344386,1.0
