	ENSEEET00000032412	ENSPNAT00000029671	ENSSFOT00015015060	ENSAMXT00000014886	ENSIPUT00000024943	ENSSFOT00015015053	ENSPKIT00000038389	ENSCHAT00000001170
ENSEEET00000032412	1.0	0.7402733964248159	0.5783385909568874	0.6919032597266036	0.7223974763406942	0.594111461619348	0.6267087276550999	0.4395373291272344
ENSPNAT00000029671	0.7402733964248159	1.0	0.6456361724500526	0.8222923238696109	0.8328075709779179	0.5583596214511041	0.6834910620399579	0.5289169295478444
ENSSFOT00015015060	0.5783385909568874	0.6456361724500526	1.0	0.6403785488958991	0.6593059936908517	0.8769716088328076	0.7570977917981072	0.4921135646687698
ENSAMXT00000014886	0.6919032597266036	0.8222923238696109	0.6403785488958991	1.0	0.7917981072555205	0.5499474237644585	0.6740273396424816	0.5099894847528917
ENSIPUT00000024943	0.7223974763406942	0.8328075709779179	0.6593059936908517	0.7917981072555205	1.0	0.5709779179810726	0.6803364879074658	0.5184016824395373
ENSSFOT00015015053	0.594111461619348	0.5583596214511041	0.8769716088328076	0.5499474237644585	0.5709779179810726	1.0	0.6698212407991588	0.4048370136698212
ENSPKIT00000038389	0.6267087276550999	0.6834910620399579	0.7570977917981072	0.6740273396424816	0.6803364879074658	0.6698212407991588	1.0	0.5131440588853838
ENSCHAT00000001170	0.4395373291272344	0.5289169295478444	0.4921135646687698	0.5099894847528917	0.5184016824395373	0.4048370136698212	0.5131440588853838	1.0
