	ENSARWT00000001386	ENSARWT00000001390	ENSAHAT00000011661	ENSDNVT00000017940	ENSAHAT00000011676	ENSARWT00000001395	ENSAOWT00000026057	ENSAOWT00000026062	ENSAHAT00000011631
ENSARWT00000001386	1.0	0.8768472906403941	0.8355911330049262	0.8417487684729064	0.8158866995073891	0.8177339901477833	0.8737684729064039	0.7235221674876847	0.8737684729064039
ENSARWT00000001390	0.8768472906403941	1.0	0.958743842364532	0.9605911330049262	0.9390394088669952	0.9408866995073892	0.99692118226601	0.8466748768472906	0.99692118226601
ENSAHAT00000011661	0.8355911330049262	0.958743842364532	1.0	0.9236453201970444	0.9020935960591132	0.9008620689655172	0.961206896551724	0.8097290640394089	0.961206896551724
ENSDNVT00000017940	0.8417487684729064	0.9605911330049262	0.9236453201970444	1.0	0.9051724137931034	0.9033251231527094	0.9624384236453202	0.8171182266009852	0.9624384236453202
ENSAHAT00000011676	0.8158866995073891	0.9390394088669952	0.9020935960591132	0.9051724137931034	1.0	0.998152709359606	0.9408866995073892	0.9076354679802956	0.9408866995073892
ENSARWT00000001395	0.8177339901477833	0.9408866995073892	0.9008620689655172	0.9033251231527094	0.998152709359606	1.0	0.9390394088669952	0.9057881773399016	0.9390394088669952
ENSAOWT00000026057	0.8737684729064039	0.99692118226601	0.961206896551724	0.9624384236453202	0.9408866995073892	0.9390394088669952	1.0	0.8485221674876847	1.0
ENSAOWT00000026062	0.7235221674876847	0.8466748768472906	0.8097290640394089	0.8171182266009852	0.9076354679802956	0.9057881773399016	0.8485221674876847	1.0	0.8485221674876847
ENSAHAT00000011631	0.8737684729064039	0.99692118226601	0.961206896551724	0.9624384236453202	0.9408866995073892	0.9390394088669952	1.0	0.8485221674876847	1.0
