,ENSMFAT00000038115,ENSGGOT00000033505,ENSMMUT00000110006,ENSPPAT00000018692,ENSCSAT00000010613,ENSPTRT00000100959,ENST00000231137,ENSTGET00000039530
ENSMFAT00000038115,1.0,0.9109920938536088,0.9347105330272889,0.9084417240499872,0.7549094618719714,0.32491711298138237,0.9115021678143331,0.928079571537873
ENSGGOT00000033505,0.9109920938536088,1.0,0.9724560061208876,0.9877582249426167,0.7398622800306044,0.29252741647538893,0.9895434838051518,0.9704157102779903
ENSMMUT00000110006,0.9347105330272889,0.9724560061208876,1.0,0.9696505993369039,0.7518490181076256,0.2887018617699566,0.9729660800816118,0.9913287426676868
ENSPPAT00000018692,0.9084417240499872,0.9877582249426167,0.9696505993369039,1.0,0.7388421321091558,0.2950777862790104,0.9951542973731191,0.9676103034940067
ENSCSAT00000010613,0.7549094618719714,0.7398622800306044,0.7518490181076256,0.7388421321091558,1.0,0.28768171384850805,0.7408824279520531,0.7518490181076256
ENSPTRT00000100959,0.32491711298138237,0.29252741647538893,0.2887018617699566,0.2950777862790104,0.28768171384850805,1.0,0.2940576383575618,0.28946697271104305
ENST00000231137,0.9115021678143331,0.9895434838051518,0.9729660800816118,0.9951542973731191,0.7408824279520531,0.2940576383575618,1.0,0.9709257842387146
ENSTGET00000039530,0.928079571537873,0.9704157102779903,0.9913287426676868,0.9676103034940067,0.7518490181076256,0.28946697271104305,0.9709257842387146,1.0
