	ENSHHUT00000013106	ENSMODT00000076439	ENSPCIT00000053891	ZK892.2.1	ZK892.2.2	FBtr0331719	FBtr0073819	ENSPCIT00000066110
ENSHHUT00000013106	1.0	0.20395327942497754	0.3000898472596586	0.2803234501347709	0.2803234501347709	0.3504043126684636	0.3504043126684636	0.2893081761006289
ENSMODT00000076439	0.20395327942497754	1.0	0.8194070080862533	0.5732255166217429	0.5732255166217429	0.4797843665768193	0.4797843665768193	0.8086253369272237
ENSPCIT00000053891	0.3000898472596586	0.8194070080862533	1.0	0.6226415094339622	0.6226415094339622	0.6019766397124887	0.6019766397124887	0.9604672057502246
ZK892.2.1	0.2803234501347709	0.5732255166217429	0.6226415094339622	1.0	1.0	0.4923629829290206	0.4923629829290206	0.6118598382749326
ZK892.2.2	0.2803234501347709	0.5732255166217429	0.6226415094339622	1.0	1.0	0.4923629829290206	0.4923629829290206	0.6118598382749326
FBtr0331719	0.3504043126684636	0.4797843665768193	0.6019766397124887	0.4923629829290206	0.4923629829290206	1.0	1.0	0.5911949685534591
FBtr0073819	0.3504043126684636	0.4797843665768193	0.6019766397124887	0.4923629829290206	0.4923629829290206	1.0	1.0	0.5911949685534591
ENSPCIT00000066110	0.2893081761006289	0.8086253369272237	0.9604672057502246	0.6118598382749326	0.6118598382749326	0.5911949685534591	0.5911949685534591	1.0
