	ENST00000614204	ENSPPAT00000039920	ENSPPAT00000039921	ENST00000618863	ENSPTRT00000012290	ENSPPAT00000039914	ENSPTRT00000083046
ENST00000614204	1.0	0.5257452574525745	0.4444444444444444	0.17886178861788615	0.5257452574525745	0.17615176151761516	0.4444444444444444
ENSPPAT00000039920	0.5257452574525745	1.0	0.91869918699187	0.6422764227642277	0.997289972899729	0.6504065040650406	0.9159891598915988
ENSPPAT00000039921	0.4444444444444444	0.91869918699187	1.0	0.7235772357723578	0.9159891598915988	0.7317073170731707	0.997289972899729
ENST00000618863	0.17886178861788615	0.6422764227642277	0.7235772357723578	1.0	0.6395663956639567	0.9918699186991871	0.7208672086720868
ENSPTRT00000012290	0.5257452574525745	0.997289972899729	0.9159891598915988	0.6395663956639567	1.0	0.6476964769647696	0.91869918699187
ENSPPAT00000039914	0.17615176151761516	0.6504065040650406	0.7317073170731707	0.9918699186991871	0.6476964769647696	1.0	0.7289972899728997
ENSPTRT00000083046	0.4444444444444444	0.9159891598915988	0.997289972899729	0.7208672086720868	0.91869918699187	0.7289972899728997	1.0
