	ENSPTRT00000107123	ENSRROT00000042443	ENST00000432056	ENSMFAT00000070285	ENSNLET00000052985	ENSGGOT00000043555	ENST00000422730	ENSRBIT00000041244	ENSMNET00000055126
ENSPTRT00000107123	1.0	0.6351084812623274	0.9881656804733728	0.8086785009861933	0.921104536489152	0.940828402366864	0.6962524654832347	0.6351084812623274	0.7869822485207101
ENSRROT00000042443	0.6351084812623274	1.0	0.6390532544378699	0.7889546351084813	0.6785009861932939	0.6627218934911243	0.6173570019723866	1.0	0.73767258382643
ENST00000432056	0.9881656804733728	0.6390532544378699	1.0	0.8106508875739645	0.9250493096646942	0.9428007889546351	0.7041420118343196	0.6390532544378699	0.7869822485207101
ENSMFAT00000070285	0.8086785009861933	0.7889546351084813	0.8106508875739645	1.0	0.8461538461538461	0.8303747534516766	0.6765285996055227	0.7889546351084813	0.921104536489152
ENSNLET00000052985	0.921104536489152	0.6785009861932939	0.9250493096646942	0.8461538461538461	1.0	0.9487179487179488	0.6785009861932939	0.6785009861932939	0.7751479289940828
ENSGGOT00000043555	0.940828402366864	0.6627218934911243	0.9428007889546351	0.8303747534516766	0.9487179487179488	1.0	0.6785009861932939	0.6627218934911243	0.7633136094674556
ENST00000422730	0.6962524654832347	0.6173570019723866	0.7041420118343196	0.6765285996055227	0.6785009861932939	0.6785009861932939	1.0	0.6173570019723866	0.7218934911242604
ENSRBIT00000041244	0.6351084812623274	1.0	0.6390532544378699	0.7889546351084813	0.6785009861932939	0.6627218934911243	0.6173570019723866	1.0	0.73767258382643
ENSMNET00000055126	0.7869822485207101	0.73767258382643	0.7869822485207101	0.921104536489152	0.7751479289940828	0.7633136094674556	0.7218934911242604	0.73767258382643	1.0
