,ENSTGET00000022910,ENSPTET00000051579,ENSMFAT00000043192,ENSMLET00000026578,ENSNLET00000035248,ENSPANT00000052720,ENSMNET00000022309
ENSTGET00000022910,1.0,0.9854545454545455,0.9963636363636363,0.9927272727272727,0.4,1.0,0.9890909090909091
ENSPTET00000051579,0.9854545454545455,1.0,0.9890909090909091,0.9854545454545455,0.4,0.9854545454545455,0.9818181818181818
ENSMFAT00000043192,0.9963636363636363,0.9890909090909091,1.0,0.9963636363636363,0.40363636363636357,0.9963636363636363,0.9927272727272727
ENSMLET00000026578,0.9927272727272727,0.9854545454545455,0.9963636363636363,1.0,0.40363636363636357,0.9927272727272727,0.9890909090909091
ENSNLET00000035248,0.4,0.4,0.40363636363636357,0.40363636363636357,1.0,0.4,0.4
ENSPANT00000052720,1.0,0.9854545454545455,0.9963636363636363,0.9927272727272727,0.4,1.0,0.9890909090909091
ENSMNET00000022309,0.9890909090909091,0.9818181818181818,0.9927272727272727,0.9890909090909091,0.4,0.9890909090909091,1.0
