,ENSSPAT00000017963,ENSPRNT00000048586,ENSAPET00000003781,ENSAPOT00000025326,ENSTRUT00000049771,ENSLCRT00005034823,ENSAOCT00000028311
ENSSPAT00000017963,1.0,0.9225171232876712,0.9019691780821918,0.9323630136986302,0.8274828767123288,0.858304794520548,0.9186643835616438
ENSPRNT00000048586,0.9225171232876712,1.0,0.9165239726027398,0.946917808219178,0.8381849315068494,0.8792808219178082,0.9340753424657534
ENSAPET00000003781,0.9019691780821918,0.9165239726027398,1.0,0.942208904109589,0.831763698630137,0.913527397260274,0.9576198630136986
ENSAPOT00000025326,0.9323630136986302,0.946917808219178,0.942208904109589,1.0,0.8527397260273972,0.8874143835616438,0.9841609589041096
ENSTRUT00000049771,0.8274828767123288,0.8381849315068494,0.831763698630137,0.8527397260273972,1.0,0.7769691780821918,0.8407534246575342
ENSLCRT00005034823,0.858304794520548,0.8792808219178082,0.913527397260274,0.8874143835616438,0.7769691780821918,1.0,0.9006849315068494
ENSAOCT00000028311,0.9186643835616438,0.9340753424657534,0.9576198630136986,0.9841609589041096,0.8407534246575342,0.9006849315068494,1.0
