	ENSPMET00000005799	ENSPFOT00000024582	ENSXCOT00000006464	ENSPLAT00000026847	ENSPRET00000012259	ENSXMAT00000022070
ENSPMET00000005799	1.0	0.8058151609553479	0.3696780893042575	0.8047767393561787	0.7860851505711319	0.7808930425752856
ENSPFOT00000024582	0.8058151609553479	1.0	0.4039460020768433	0.9989615784008308	0.9709241952232608	0.9626168224299064
ENSXCOT00000006464	0.3696780893042575	0.4039460020768433	1.0	0.4049844236760125	0.4039460020768433	0.4112149532710281
ENSPLAT00000026847	0.8047767393561787	0.9989615784008308	0.4049844236760125	1.0	0.97196261682243	0.9636552440290758
ENSPRET00000012259	0.7860851505711319	0.9709241952232608	0.4039460020768433	0.97196261682243	1.0	0.960539979231568
ENSXMAT00000022070	0.7808930425752856	0.9626168224299064	0.4112149532710281	0.9636552440290758	0.960539979231568	1.0
