	ENSPVIT00000002087	ENSACAT00000012152	ENSPVIT00000002067	ENSPVIT00000002081	ENSPVIT00000002058	ENSPVIT00000002074
ENSPVIT00000002087	1.0	0.7974733517568101	0.9544018949861824	0.937228582708251	0.9591393604421634	0.9697986577181208
ENSACAT00000012152	0.7974733517568101	1.0	0.8278720884326886	0.8298460323726806	0.8326095538886695	0.8260955388866956
ENSPVIT00000002067	0.9544018949861824	0.8278720884326886	1.0	0.9792735886300831	0.9952625345440188	0.9846032372680616
ENSPVIT00000002081	0.937228582708251	0.8298460323726806	0.9792735886300831	1.0	0.974536123174102	0.9674299249901304
ENSPVIT00000002058	0.9591393604421634	0.8326095538886695	0.9952625345440188	0.974536123174102	1.0	0.9893407027240426
ENSPVIT00000002074	0.9697986577181208	0.8260955388866956	0.9846032372680616	0.9674299249901304	0.9893407027240426	1.0
