	FBtr0333877	YOR032C_mRNA	ENSEBUT00000024843	FBtr0074875	FBtr0074874	FBtr0074873	Y47D3B.7.1
FBtr0333877	1.0	0.5571955719557196	0.4723247232472325	1.0	1.0	1.0	0.053659286592865896
YOR032C_mRNA	0.5571955719557196	1.0	0.7767527675276753	0.5571955719557196	0.5571955719557196	0.5571955719557196	0.2855166051660516
ENSEBUT00000024843	0.4723247232472325	0.7767527675276753	1.0	0.4723247232472325	0.4723247232472325	0.4723247232472325	0.4494157441574416
FBtr0074875	1.0	0.5571955719557196	0.4723247232472325	1.0	1.0	1.0	0.053659286592865896
FBtr0074874	1.0	0.5571955719557196	0.4723247232472325	1.0	1.0	1.0	0.053659286592865896
FBtr0074873	1.0	0.5571955719557196	0.4723247232472325	1.0	1.0	1.0	0.053659286592865896
Y47D3B.7.1	0.053659286592865896	0.2855166051660516	0.4494157441574416	0.053659286592865896	0.053659286592865896	0.053659286592865896	1.0
