	ENSBSLT00000009564	ENSBSLT00000009589	ENSCVAT00000030228	ENSBSLT00000009598	ENSBSLT00000009628	ENSBSLT00000009610	ENSBSLT00000009529	ENSLBET00000033382
ENSBSLT00000009564	1.0	0.8294647086688773	0.8171482709616296	0.9403126480341072	0.8792041686404548	0.930838465182378	0.930838465182378	0.8389388915206063
ENSBSLT00000009589	0.8294647086688773	1.0	0.6873519658929418	0.8095689246802463	0.7484604452865941	0.8000947418285173	0.8000947418285173	0.6977735670298437
ENSCVAT00000030228	0.8171482709616296	0.6873519658929418	1.0	0.7683562292752251	0.7209853150165798	0.7617243012790147	0.7683562292752251	0.8285172903837044
ENSBSLT00000009598	0.9403126480341072	0.8095689246802463	0.7683562292752251	1.0	0.924680246328754	0.9763145428706774	0.9763145428706774	0.7820937944102321
ENSBSLT00000009628	0.8792041686404548	0.7484604452865941	0.7209853150165798	0.924680246328754	1.0	0.9152060634770252	0.9152060634770252	0.7347228801515869
ENSBSLT00000009610	0.930838465182378	0.8000947418285173	0.7617243012790147	0.9763145428706774	0.9152060634770252	1.0	0.9725248697299858	0.773567029843676
ENSBSLT00000009529	0.930838465182378	0.8000947418285173	0.7683562292752251	0.9763145428706774	0.9152060634770252	0.9725248697299858	1.0	0.7783041212695405
ENSLBET00000033382	0.8389388915206063	0.6977735670298437	0.8285172903837044	0.7820937944102321	0.7347228801515869	0.773567029843676	0.7783041212695405	1.0
