	ENSAHAT00000016326	ENSDNVT00000014196	ENSDNVT00000014177	ENSAHAT00000016340	ENSARWT00000023843	ENSARWT00000023842
ENSAHAT00000016326	1.0	0.9471698113207548	0.9252830188679244	0.9833962264150944	0.978616352201258	0.9952201257861636
ENSDNVT00000014196	0.9471698113207548	1.0	0.9781132075471698	0.9632704402515724	0.9642767295597484	0.9479245283018868
ENSDNVT00000014177	0.9252830188679244	0.9781132075471698	1.0	0.9413836477987422	0.9423899371069182	0.9260377358490566
ENSAHAT00000016340	0.9833962264150944	0.9632704402515724	0.9413836477987422	1.0	0.9949685534591196	0.978616352201258
ENSARWT00000023843	0.978616352201258	0.9642767295597484	0.9423899371069182	0.9949685534591196	1.0	0.9833962264150944
ENSARWT00000023842	0.9952201257861636	0.9479245283018868	0.9260377358490566	0.978616352201258	0.9833962264150944	1.0
