,ENSPPAT00000043711,ENSPANT00000045953,ENSGGOT00000025861,ENSPPYT00000008927,ENSMLET00000058687,ENSNLET00000041915,ENSPTRT00000083057
ENSPPAT00000043711,1.0,0.8608534322820037,0.849721706864564,0.8868274582560297,0.8441558441558441,0.8274582560296846,0.9981447124304267
ENSPANT00000045953,0.8608534322820037,1.0,0.7940630797773655,0.7773654916512059,0.9795918367346939,0.849721706864564,0.8589981447124304
ENSGGOT00000025861,0.849721706864564,0.7940630797773655,1.0,0.7699443413729128,0.8070500927643784,0.7588126159554731,0.8478664192949907
ENSPPYT00000008927,0.8868274582560297,0.7773654916512059,0.7699443413729128,1.0,0.7680890538033395,0.7495361781076066,0.8849721706864564
ENSMLET00000058687,0.8441558441558441,0.9795918367346939,0.8070500927643784,0.7680890538033395,1.0,0.8404452690166976,0.8423005565862709
ENSNLET00000041915,0.8274582560296846,0.849721706864564,0.7588126159554731,0.7495361781076066,0.8404452690166976,1.0,0.8256029684601113
ENSPTRT00000083057,0.9981447124304267,0.8589981447124304,0.8478664192949907,0.8849721706864564,0.8423005565862709,0.8256029684601113,1.0
