,ENSCHAT00000024268,ENSIPUT00000027553,ENSCHAT00000024254,ENSAMXT00000021694,ENSDCDT00000009105,ENSDCDT00000009107
ENSCHAT00000024268,1.0,0.3492286115007013,0.6788218793828892,0.42823749415614776,0.514726507713885,0.541374474053296
ENSIPUT00000027553,0.3492286115007013,1.0,0.3973819541841983,0.506778868630201,0.37447405329593275,0.40158952781673674
ENSCHAT00000024254,0.6788218793828892,0.3973819541841983,1.0,0.7213651238896681,0.37120149602618047,0.3978494623655914
ENSAMXT00000021694,0.42823749415614776,0.506778868630201,0.7213651238896681,1.0,0.4343151005142589,0.4539504441327723
ENSDCDT00000009105,0.514726507713885,0.37447405329593275,0.37120149602618047,0.4343151005142589,1.0,0.9289387564282375
ENSDCDT00000009107,0.541374474053296,0.40158952781673674,0.3978494623655914,0.4539504441327723,0.9289387564282375,1.0
