,ENSIPUT00000005048,ENSEEET00000000137,ENSCHAT00000023637,ENSPNAT00000013432,ENSPNAT00000013424,ENSDCDT00000063651
ENSIPUT00000005048,1.0,0.792,0.6977777777777778,0.8008888888888889,0.7795555555555556,0.5831111111111111
ENSEEET00000000137,0.792,1.0,0.712,0.8142222222222222,0.8115555555555556,0.6044444444444445
ENSCHAT00000023637,0.6977777777777778,0.712,1.0,0.7128888888888889,0.7075555555555556,0.6364444444444445
ENSPNAT00000013432,0.8008888888888889,0.8142222222222222,0.7128888888888889,1.0,0.9093333333333333,0.608
ENSPNAT00000013424,0.7795555555555556,0.8115555555555556,0.7075555555555556,0.9093333333333333,1.0,0.592
ENSDCDT00000063651,0.5831111111111111,0.6044444444444445,0.6364444444444445,0.608,0.592,1.0
