,ENSAMXT00000009316,ENSAMXT00000037994,ENSIPUT00000013134,ENSCHAT00000006959,ENSEEET00000050674,ENSAMXT00000055161,ENSDCDT00000039091
ENSAMXT00000009316,1.0,0.950844277673546,0.48067542213883674,0.7181988742964353,0.1733583489681051,0.6030018761726079,0.7422138836772983
ENSAMXT00000037994,0.950844277673546,1.0,0.5260787992495309,0.751969981238274,0.21575984990619135,0.652157598499062,0.7545966228893058
ENSIPUT00000013134,0.48067542213883674,0.5260787992495309,1.0,0.43789868667917453,0.4232645403377111,0.6840525328330206,0.4529080675422139
ENSCHAT00000006959,0.7181988742964353,0.751969981238274,0.43789868667917453,1.0,0.24277673545966227,0.4041275797373358,0.7384615384615385
ENSEEET00000050674,0.1733583489681051,0.21575984990619135,0.4232645403377111,0.24277673545966227,1.0,0.37598499061913704,0.15159474671669793
ENSAMXT00000055161,0.6030018761726079,0.652157598499062,0.6840525328330206,0.4041275797373358,0.37598499061913704,1.0,0.4067542213883677
ENSDCDT00000039091,0.7422138836772983,0.7545966228893058,0.4529080675422139,0.7384615384615385,0.15159474671669793,0.4067542213883677,1.0
