,ENSEEUT00000005403,ENSMODT00000043681,ENSMODT00000040189,ENSMODT00000088578,ENSSART00000009675,ENSMODT00000084228,ENSSHAT00000007233
ENSEEUT00000005403,1.0,0.30731707317073176,0.848780487804878,0.6195121951219512,0.9235772357723577,0.7121951219512195,0.8211382113821138
ENSMODT00000043681,0.30731707317073176,1.0,0.34959349593495936,0.1707317073170732,0.3040650406504065,0.1707317073170732,0.3040650406504065
ENSMODT00000040189,0.848780487804878,0.34959349593495936,1.0,0.6747967479674797,0.8276422764227642,0.8211382113821138,0.848780487804878
ENSMODT00000088578,0.6195121951219512,0.1707317073170732,0.6747967479674797,1.0,0.6113821138211382,0.6747967479674797,0.6032520325203252
ENSSART00000009675,0.9235772357723577,0.3040650406504065,0.8276422764227642,0.6113821138211382,1.0,0.6943089430894309,0.8032520325203252
ENSMODT00000084228,0.7121951219512195,0.1707317073170732,0.8211382113821138,0.6747967479674797,0.6943089430894309,1.0,0.6910569105691057
ENSSHAT00000007233,0.8211382113821138,0.3040650406504065,0.848780487804878,0.6032520325203252,0.8032520325203252,0.6910569105691057,1.0
