,ENSPTET00000022290,ENSPTET00000036258,ENSPTET00000002177,ENSJHYT00000000961,ENSPTET00000001750,ENSPTET00000008280,ENSPTET00000002058
ENSPTET00000022290,1.0,0.28576282704723077,0.37240910635406044,0.44512402310567456,0.6693849813115869,0.5851172273190621,0.4777437988447163
ENSPTET00000036258,0.28576282704723077,1.0,0.9119945633707102,0.5174991505266735,0.582398912674142,0.4757050628610262,0.5297315664288141
ENSPTET00000002177,0.37240910635406044,0.9119945633707102,1.0,0.5827387020047571,0.6690451919809718,0.562351342167856,0.5868161739721373
ENSJHYT00000000961,0.44512402310567456,0.5174991505266735,0.5827387020047571,1.0,0.5059463132857628,0.6058443764865783,0.6411824668705403
ENSPTET00000001750,0.6693849813115869,0.582398912674142,0.6690451919809718,0.5059463132857628,1.0,0.5844376486578321,0.4774040095141012
ENSPTET00000008280,0.5851172273190621,0.4757050628610262,0.562351342167856,0.6058443764865783,0.5844376486578321,1.0,0.8807339449541285
ENSPTET00000002058,0.4777437988447163,0.5297315664288141,0.5868161739721373,0.6411824668705403,0.4774040095141012,0.8807339449541285,1.0
