	ENSCPUT00000001013	ENSCPGT00000015010	ENSCPUT00000000904	ENSCPUT00000000944	ENSCPUT00000000988	ENSCPGT00000015037	ENSCPGT00000015055	ENSCPGT00000015003
ENSCPUT00000001013	1.0	0.8657074340527577	0.8951695786228159	0.8766700924974307	0.8067831449126414	0.7961630695443646	0.9890373415553272	0.8842069201781432
ENSCPGT00000015010	0.8657074340527577	1.0	0.9705378554299418	0.9890373415553272	0.919492977046934	0.9301130524152108	0.8766700924974307	0.9815005138746146
ENSCPUT00000000904	0.8951695786228159	0.9705378554299418	1.0	0.9815005138746146	0.9116135662898252	0.9009934909215483	0.8842069201781432	0.9890373415553272
ENSCPUT00000000944	0.8766700924974307	0.9890373415553272	0.9815005138746146	1.0	0.9301130524152108	0.919492977046934	0.8657074340527577	0.9705378554299418
ENSCPUT00000000988	0.8067831449126414	0.919492977046934	0.9116135662898252	0.9301130524152108	1.0	0.9893799246317232	0.7961630695443646	0.9009934909215483
ENSCPGT00000015037	0.7961630695443646	0.9301130524152108	0.9009934909215483	0.919492977046934	0.9893799246317232	1.0	0.8067831449126414	0.9116135662898252
ENSCPGT00000015055	0.9890373415553272	0.8766700924974307	0.8842069201781432	0.8657074340527577	0.7961630695443646	0.8067831449126414	1.0	0.8951695786228159
ENSCPGT00000015003	0.8842069201781432	0.9815005138746146	0.9890373415553272	0.9705378554299418	0.9009934909215483	0.9116135662898252	0.8951695786228159	1.0
