,ENSLBET00000020051,ENSPRET00000031279,ENSLCRT00005002509,ENSACLT00000010839,ENSNBRT00000020001,ENSMZET00005010098
ENSLBET00000020051,1.0,0.43234323432343236,0.8168316831683168,0.7524752475247525,0.740924092409241,0.7524752475247525
ENSPRET00000031279,0.43234323432343236,1.0,0.3712871287128713,0.5247524752475248,0.3795379537953796,0.5247524752475248
ENSLCRT00005002509,0.8168316831683168,0.3712871287128713,1.0,0.7046204620462047,0.7574257425742574,0.7046204620462047
ENSACLT00000010839,0.7524752475247525,0.5247524752475248,0.7046204620462047,1.0,0.7557755775577558,1.0
ENSNBRT00000020001,0.740924092409241,0.3795379537953796,0.7574257425742574,0.7557755775577558,1.0,0.7557755775577558
ENSMZET00005010098,0.7524752475247525,0.5247524752475248,0.7046204620462047,1.0,0.7557755775577558,1.0
