	ENSCCNT00000038900	ENSCCNT00000038901	ENSPCIT00000035352	ENSSHAT00000003839	ENSDORT00000002700	ENSVURT00010035406	ENSVURT00010035405	ENSMODT00000019699	ENSSHAT00000003840
ENSCCNT00000038900	1.0	0.9445378151260504	0.6739495798319328	0.6697478991596638	0.8941176470588236	0.7546218487394958	0.692436974789916	0.5176470588235295	0.6915966386554622
ENSCCNT00000038901	0.9445378151260504	1.0	0.6596638655462185	0.6571428571428571	0.8546218487394958	0.7394957983193278	0.7218487394957983	0.5	0.7050420168067227
ENSPCIT00000035352	0.6739495798319328	0.6596638655462185	1.0	0.9126050420168068	0.6840336134453782	0.8764705882352941	0.7285714285714285	0.7495798319327731	0.8747899159663866
ENSSHAT00000003839	0.6697478991596638	0.6571428571428571	0.9126050420168068	1.0	0.6739495798319328	0.8193277310924371	0.6831932773109244	0.7344537815126051	0.9521008403361344
ENSDORT00000002700	0.8941176470588236	0.8546218487394958	0.6840336134453782	0.6739495798319328	1.0	0.7546218487394958	0.6932773109243697	0.5277310924369748	0.6966386554621848
ENSVURT00010035406	0.7546218487394958	0.7394957983193278	0.8764705882352941	0.8193277310924371	0.7546218487394958	1.0	0.8478991596638655	0.6605042016806723	0.7815126050420168
ENSVURT00010035405	0.692436974789916	0.7218487394957983	0.7285714285714285	0.6831932773109244	0.6932773109243697	0.8478991596638655	1.0	0.5210084033613446	0.7050420168067227
ENSMODT00000019699	0.5176470588235295	0.5	0.7495798319327731	0.7344537815126051	0.5277310924369748	0.6605042016806723	0.5210084033613446	1.0	0.6983193277310924
ENSSHAT00000003840	0.6915966386554622	0.7050420168067227	0.8747899159663866	0.9521008403361344	0.6966386554621848	0.7815126050420168	0.7050420168067227	0.6983193277310924	1.0
