,FBtr0301141,FBtr0076516,Y39H10A.3a.1,FBtr0076515,Y39H10A.3b.1,ENSCINT00000008152
FBtr0301141,1.0,1.0,0.35001390047261605,1.0,0.3892132332499305,0.30998053933833747
FBtr0076516,1.0,1.0,0.35001390047261605,1.0,0.3892132332499305,0.30998053933833747
Y39H10A.3a.1,0.35001390047261605,0.35001390047261605,1.0,0.35001390047261605,0.9599666388657214,0.33944954128440363
FBtr0076515,1.0,1.0,0.35001390047261605,1.0,0.3892132332499305,0.30998053933833747
Y39H10A.3b.1,0.3892132332499305,0.3892132332499305,0.9599666388657214,0.3892132332499305,1.0,0.3786488740617181
ENSCINT00000008152,0.30998053933833747,0.30998053933833747,0.33944954128440363,0.30998053933833747,0.3786488740617181,1.0
