	ENSSPUT00000001785	ENSEBUT00000015195	ENSLCOT00000000965	ENSLCOT00000000999	ENSLCOT00000000924	ENSCMIT00000010293	ENSMVIT00005019161	ENSCMIT00000010289	ENSEBUT00000015170
ENSSPUT00000001785	1.0	0.5110399999999999	0.43936000000000003	0.44896	0.46671999999999997	0.91632	0.57952	0.9168	0.48752
ENSEBUT00000015195	0.5110399999999999	1.0	0.73088	0.74048	0.72592	0.4456	0.69296	0.4870399999999999	0.9764799999999999
ENSLCOT00000000965	0.43936000000000003	0.73088	1.0	0.9904	0.87728	0.37232	0.8104	0.41776	0.7427199999999999
ENSLCOT00000000999	0.44896	0.74048	0.9904	1.0	0.8868799999999999	0.38192	0.82	0.42736	0.75232
ENSLCOT00000000924	0.46671999999999997	0.72592	0.87728	0.8868799999999999	1.0	0.39968	0.8377600000000001	0.44512	0.7377600000000001
ENSCMIT00000010293	0.91632	0.4456	0.37232	0.38192	0.39968	1.0	0.51232	0.92496	0.42208
ENSMVIT00005019161	0.57952	0.69296	0.8104	0.82	0.8377600000000001	0.51232	1.0	0.55776	0.7048
ENSCMIT00000010289	0.9168	0.4870399999999999	0.41776	0.42736	0.44512	0.92496	0.55776	1.0	0.4635199999999999
ENSEBUT00000015170	0.48752	0.9764799999999999	0.7427199999999999	0.75232	0.7377600000000001	0.42208	0.7048	0.4635199999999999	1.0
