	ENSFHET00000002159	ENSXMAT00000040535	ENSGAFT00000004856	ENSXCOT00000007299	ENSCVAT00000011917	ENSPMET00000025577	ENSPLAT00000024779	ENSPRET00000009989
ENSFHET00000002159	1.0	0.8915343915343915	0.8862433862433863	0.8888888888888888	0.8994708994708994	0.4259259259259259	0.8888888888888888	0.8835978835978836
ENSXMAT00000040535	0.8915343915343915	1.0	0.9576719576719576	0.9894179894179894	0.8835978835978836	0.5	0.9576719576719576	0.9470899470899472
ENSGAFT00000004856	0.8862433862433863	0.9576719576719576	1.0	0.9523809523809524	0.8756613756613757	0.4867724867724868	0.9444444444444444	0.9417989417989416
ENSXCOT00000007299	0.8888888888888888	0.9894179894179894	0.9523809523809524	1.0	0.8756613756613757	0.4947089947089946	0.9523809523809524	0.9417989417989416
ENSCVAT00000011917	0.8994708994708994	0.8835978835978836	0.8756613756613757	0.8756613756613757	1.0	0.41534391534391535	0.873015873015873	0.8703703703703703
ENSPMET00000025577	0.4259259259259259	0.5	0.4867724867724868	0.4947089947089946	0.41534391534391535	1.0	0.5370370370370371	0.5211640211640212
ENSPLAT00000024779	0.8888888888888888	0.9576719576719576	0.9444444444444444	0.9523809523809524	0.873015873015873	0.5370370370370371	1.0	0.9788359788359788
ENSPRET00000009989	0.8835978835978836	0.9470899470899472	0.9417989417989416	0.9417989417989416	0.8703703703703703	0.5211640211640212	0.9788359788359788	1.0
