	ENSLOCT00000014081	ENSPKIT00000036477	ENSPTET00000004076	ENSSFOT00015001448	ENSECRT00000034523	ENSPKIT00000036487
ENSLOCT00000014081	1.0	0.907283571299476	0.23820712091089824	0.8429423459244533	0.8846918489065606	0.8456533526116031
ENSPKIT00000036477	0.907283571299476	1.0	0.23856858846918486	0.8508946322067594	0.8803542382071209	0.936562443520694
ENSPTET00000004076	0.23820712091089824	0.23856858846918486	1.0	0.2969455991324779	0.22157961322971265	0.2076631122356769
ENSSFOT00015001448	0.8429423459244533	0.8508946322067594	0.2969455991324779	1.0	0.8151093439363817	0.7899873486354599
ENSECRT00000034523	0.8846918489065606	0.8803542382071209	0.22157961322971265	0.8151093439363817	1.0	0.8192662208566781
ENSPKIT00000036487	0.8456533526116031	0.936562443520694	0.2076631122356769	0.7899873486354599	0.8192662208566781	1.0
