,ENSMODT00000029878,ENSPCIT00000029532,ENSUPAT00010003693,ENSSDAT00000020925,ENSSHAT00000007827,ENSPCIT00000037723,ENSVURT00010035637,ENSLAFT00000035949,ENSDNOT00000050529
ENSMODT00000029878,1.0,0.5378715244487057,0.6337488015340365,0.6327900287631831,0.74784276126558,0.7353787152444871,0.7919463087248322,0.663470757430489,0.5752636625119847
ENSPCIT00000029532,0.5378715244487057,1.0,0.5465004793863855,0.5465004793863855,0.5810162991371045,0.48705656759348037,0.5819750719079578,0.5417066155321189,0.4669223394055608
ENSUPAT00010003693,0.6337488015340365,0.5465004793863855,1.0,0.9865771812080537,0.6567593480345159,0.588686481303931,0.6653883029721956,0.8178331735378715,0.6749760306807286
ENSSDAT00000020925,0.6327900287631831,0.5465004793863855,0.9865771812080537,1.0,0.6558005752636625,0.5896452540747843,0.6673058485139022,0.8159156279961649,0.6740172579098753
ENSSHAT00000007827,0.74784276126558,0.5810162991371045,0.6567593480345159,0.6558005752636625,1.0,0.7229146692233941,0.8341323106423778,0.6701821668264621,0.5580057526366251
ENSPCIT00000037723,0.7353787152444871,0.48705656759348037,0.588686481303931,0.5896452540747843,0.7229146692233941,1.0,0.8283796740172579,0.6184084372003835,0.5148609779482263
ENSVURT00010035637,0.7919463087248322,0.5819750719079578,0.6653883029721956,0.6673058485139022,0.8341323106423778,0.8283796740172579,1.0,0.6749760306807286,0.5714285714285714
ENSLAFT00000035949,0.663470757430489,0.5417066155321189,0.8178331735378715,0.8159156279961649,0.6701821668264621,0.6184084372003835,0.6749760306807286,1.0,0.7430488974113135
ENSDNOT00000050529,0.5752636625119847,0.4669223394055608,0.6749760306807286,0.6740172579098753,0.5580057526366251,0.5148609779482263,0.5714285714285714,0.7430488974113135,1.0
