	ENSPVIT00000006649	ENSNSUT00000007195	ENSNSUT00000007190	ENSGAGT00000022994	ENSACAT00000006953	ENSSMRT00000020496	ENSSPUT00000009221	ENSPVIT00000006646	ENSCABT00000003769
ENSPVIT00000006649	1.0	0.8161189358372457	0.8145825166601333	0.7357898863190906	0.6491536899119837	0.660071746929014	0.7074293228139382	1.0	0.7322618580948648
ENSNSUT00000007195	0.8161189358372457	1.0	0.984984984984985	0.704954954954955	0.7968152866242039	0.7891236306729265	0.7712031558185405	0.8161189358372457	0.6914414414414415
ENSNSUT00000007190	0.8145825166601333	0.984984984984985	1.0	0.7110022607385079	0.7783439490445859	0.7882953652788688	0.7521367521367521	0.8145825166601333	0.6902788244159759
ENSGAGT00000022994	0.7357898863190906	0.704954954954955	0.7110022607385079	1.0	0.7050955414012738	0.7692307692307693	0.7764628533859304	0.7357898863190906	0.9493482309124768
ENSACAT00000006953	0.6491536899119837	0.7968152866242039	0.7783439490445859	0.7050955414012738	1.0	0.6336805555555556	0.6528073916133618	0.6625494071146245	0.7165605095541401
ENSSMRT00000020496	0.660071746929014	0.7891236306729265	0.7882953652788688	0.7692307692307693	0.6336805555555556	1.0	0.7171444023796647	0.660071746929014	0.7791435368754956
ENSSPUT00000009221	0.7074293228139382	0.7712031558185405	0.7521367521367521	0.7764628533859304	0.6528073916133618	0.7171444023796647	1.0	0.7074293228139382	0.811965811965812
ENSPVIT00000006646	1.0	0.8161189358372457	0.8145825166601333	0.7357898863190906	0.6625494071146245	0.660071746929014	0.7074293228139382	1.0	0.7322618580948648
ENSCABT00000003769	0.7322618580948648	0.6914414414414415	0.6902788244159759	0.9493482309124768	0.7165605095541401	0.7791435368754956	0.811965811965812	0.7322618580948648	1.0
