	ENSCATT00000066468	ENST00000445946	ENSMLET00000035981	ENSPTET00000054863	ENSGGOT00000031382	ENSRBIT00000064107	ENSTGET00000009830	ENSMMUT00000080832	ENSPTRT00000072763
ENSCATT00000066468	1.0	0.8731884057971014	0.9963768115942028	0.8913043478260869	0.8695652173913043	0.927536231884058	0.9003623188405797	0.8695652173913043	0.8731884057971014
ENST00000445946	0.8731884057971014	1.0	0.8731884057971014	0.9365942028985508	0.9891304347826086	0.8134057971014492	0.9347826086956522	0.9021739130434784	0.9963768115942028
ENSMLET00000035981	0.9963768115942028	0.8731884057971014	1.0	0.8913043478260869	0.8695652173913043	0.927536231884058	0.9003623188405797	0.8695652173913043	0.8731884057971014
ENSPTET00000054863	0.8913043478260869	0.9365942028985508	0.8913043478260869	1.0	0.9329710144927535	0.8333333333333334	0.9547101449275364	0.914855072463768	0.9365942028985508
ENSGGOT00000031382	0.8695652173913043	0.9891304347826086	0.8695652173913043	0.9329710144927535	1.0	0.8097826086956522	0.9311594202898552	0.8985507246376812	0.9891304347826086
ENSRBIT00000064107	0.927536231884058	0.8134057971014492	0.927536231884058	0.8333333333333334	0.8097826086956522	1.0	0.8315217391304348	0.8007246376811594	0.8134057971014492
ENSTGET00000009830	0.9003623188405797	0.9347826086956522	0.9003623188405797	0.9547101449275364	0.9311594202898552	0.8315217391304348	1.0	0.9347826086956522	0.9347826086956522
ENSMMUT00000080832	0.8695652173913043	0.9021739130434784	0.8695652173913043	0.914855072463768	0.8985507246376812	0.8007246376811594	0.9347826086956522	1.0	0.9021739130434784
ENSPTRT00000072763	0.8731884057971014	0.9963768115942028	0.8731884057971014	0.9365942028985508	0.9891304347826086	0.8134057971014492	0.9347826086956522	0.9021739130434784	1.0
