	ENSPCIT00000003964	ENSVURT00010020842	ENSMODT00000054454	ENSMODT00000018715	ENSMODT00000087061	ENSPCIT00000003955	ENSSHAT00000016360	ENSSHAT00000016361	ENSVURT00010020838
ENSPCIT00000003964	1.0	0.9336538461538462	0.9134615384615384	0.9355769230769232	0.864423076923077	0.9769230769230768	0.9182692307692308	0.34134615384615385	0.9567307692307692
ENSVURT00010020842	0.9336538461538462	1.0	0.9576923076923076	0.9346153846153846	0.908653846153846	0.9567307692307692	0.9653846153846154	0.3423076923076923	0.9769230769230768
ENSMODT00000054454	0.9134615384615384	0.9576923076923076	1.0	0.9769230769230768	0.9509615384615384	0.9365384615384617	0.95	0.3346153846153845	0.9346153846153846
ENSMODT00000018715	0.9355769230769232	0.9346153846153846	0.9769230769230768	1.0	0.9278846153846154	0.9134615384615384	0.926923076923077	0.31153846153846154	0.9567307692307692
ENSMODT00000087061	0.864423076923077	0.908653846153846	0.9509615384615384	0.9278846153846154	1.0	0.8875	0.9009615384615384	0.3125	0.885576923076923
ENSPCIT00000003955	0.9769230769230768	0.9567307692307692	0.9365384615384617	0.9134615384615384	0.8875	1.0	0.9413461538461538	0.36442307692307696	0.9336538461538462
ENSSHAT00000016360	0.9182692307692308	0.9653846153846154	0.95	0.926923076923077	0.9009615384615384	0.9413461538461538	1.0	0.3548076923076924	0.9423076923076924
ENSSHAT00000016361	0.34134615384615385	0.3423076923076923	0.3346153846153845	0.31153846153846154	0.3125	0.36442307692307696	0.3548076923076924	1.0	0.3192307692307692
ENSVURT00010020838	0.9567307692307692	0.9769230769230768	0.9346153846153846	0.9567307692307692	0.885576923076923	0.9336538461538462	0.9423076923076924	0.3192307692307692	1.0
