	ENSDNVT00000031295	ENSAOWT00000008799	ENSNPET00000008895	ENSDNVT00000031301	ENSAHAT00000000131	ENSDNVT00000031286	ENSARWT00000010948
ENSDNVT00000031295	1.0	0.5070707070707071	0.6457912457912458	0.7346801346801347	0.5063973063973064	0.8437710437710437	0.5555555555555556
ENSAOWT00000008799	0.5070707070707071	1.0	0.6289562289562289	0.4754208754208754	0.9973063973063973	0.5602693602693603	0.942087542087542
ENSNPET00000008895	0.6457912457912458	0.6289562289562289	1.0	0.6464646464646465	0.6282828282828283	0.7831649831649832	0.6659932659932659
ENSDNVT00000031301	0.7346801346801347	0.4754208754208754	0.6464646464646465	1.0	0.4754208754208754	0.7441077441077442	0.5205387205387205
ENSAHAT00000000131	0.5063973063973064	0.9973063973063973	0.6282828282828283	0.4754208754208754	1.0	0.5595959595959596	0.9407407407407408
ENSDNVT00000031286	0.8437710437710437	0.5602693602693603	0.7831649831649832	0.7441077441077442	0.5595959595959596	1.0	0.6060606060606061
ENSARWT00000010948	0.5555555555555556	0.942087542087542	0.6659932659932659	0.5205387205387205	0.9407407407407408	0.6060606060606061	1.0
