,ENSEBUT00000001972,ENSEBUT00000001991,ENSEBUT00000001955,ENSEBUT00000001919,ENSEBUT00000001957,ENSSDAT00000026618,ENSEBUT00000001934
ENSEBUT00000001972,1.0,0.9966234798019923,0.9966234798019923,0.9966234798019923,0.9966234798019923,0.9704363503025117,1.0
ENSEBUT00000001991,0.9966234798019923,1.0,1.0,0.9985027195502048,1.0,0.9691071319440201,0.9966234798019923
ENSEBUT00000001955,0.9966234798019923,1.0,1.0,0.9985027195502048,1.0,0.9691071319440201,0.9966234798019923
ENSEBUT00000001919,0.9966234798019923,0.9985027195502048,0.9985027195502048,1.0,0.9985027195502048,0.9691071319440201,0.9966234798019923
ENSEBUT00000001957,0.9966234798019923,1.0,1.0,0.9985027195502048,1.0,0.9691071319440201,0.9966234798019923
ENSSDAT00000026618,0.9704363503025117,0.9691071319440201,0.9691071319440201,0.9691071319440201,0.9691071319440201,1.0,0.9704363503025117
ENSEBUT00000001934,1.0,0.9966234798019923,0.9966234798019923,0.9966234798019923,0.9966234798019923,0.9704363503025117,1.0
