	ENSCINT00000001268	ENSCINT00000001280	D1081.6b.1	ENSCINT00000021856	D1081.6a.1	ENSCINT00000032312
ENSCINT00000001268	1.0	0.8256721595836947	0.1084128360797918	0.7658282740676496	0.3104943625325238	0.7458803122289679
ENSCINT00000001280	0.8256721595836947	1.0	0.1023417172593235	0.7979184735472679	0.30529054640069386	0.7745013009540329
D1081.6b.1	0.1084128360797918	0.1023417172593235	1.0	0.13443191673894184	0.4822202948829142	0.11361665221162187
ENSCINT00000021856	0.7658282740676496	0.7979184735472679	0.13443191673894184	1.0	0.32957502168256725	0.7779705117085863
D1081.6a.1	0.3104943625325238	0.30529054640069386	0.4822202948829142	0.32957502168256725	1.0	0.3365134431916739
ENSCINT00000032312	0.7458803122289679	0.7745013009540329	0.11361665221162187	0.7779705117085863	0.3365134431916739	1.0
