	ENSNPET00000014853	ENSARWT00000008102	ENSAHAT00000001480	ENSDNVT00000010206	ENSDNVT00000010201	ENSAOWT00000021811
ENSNPET00000014853	1.0	0.9247648902821316	0.7529780564263323	0.9711598746081505	0.927899686520376	0.9686520376175548
ENSARWT00000008102	0.9247648902821316	1.0	0.7341692789968652	0.9404388714733544	0.8971786833855799	0.9498432601880876
ENSAHAT00000001480	0.7529780564263323	0.7341692789968652	1.0	0.7705329153605016	0.7360501567398119	0.7818181818181819
ENSDNVT00000010206	0.9711598746081505	0.9404388714733544	0.7705329153605016	1.0	0.9567398119122256	0.986206896551724
ENSDNVT00000010201	0.927899686520376	0.8971786833855799	0.7360501567398119	0.9567398119122256	1.0	0.9429467084639498
ENSAOWT00000021811	0.9686520376175548	0.9498432601880876	0.7818181818181819	0.986206896551724	0.9429467084639498	1.0
