,ENSDNVT00000026347,ENSARWT00000001128,ENSAHAT00000017564,ENSDNVT00000026324,ENSDNVT00000026334,ENSCMIT00000043063,ENSAHAT00000017561,ENSCMIT00000043047
ENSDNVT00000026347,1.0,0.7096491228070175,0.5451754385964912,0.9539473684210527,0.9171052631578948,0.45350877192982453,0.8657894736842106,0.22675438596491226
ENSARWT00000001128,0.7096491228070175,1.0,0.4548245614035088,0.668859649122807,0.6328947368421053,0.668859649122807,0.7447368421052631,0.11578947368421055
ENSAHAT00000017564,0.5451754385964912,0.4548245614035088,1.0,0.5885964912280702,0.5526315789473685,0.3894736842105263,0.6162280701754386,0.5741228070175438
ENSDNVT00000026324,0.9539473684210527,0.668859649122807,0.5885964912280702,1.0,0.9631578947368421,0.41096491228070176,0.9092105263157895,0.2657894736842106
ENSDNVT00000026334,0.9171052631578948,0.6328947368421053,0.5526315789473685,0.9631578947368421,1.0,0.38859649122807016,0.8732456140350877,0.30263157894736836
ENSCMIT00000043063,0.45350877192982453,0.668859649122807,0.3894736842105263,0.41096491228070176,0.38859649122807016,1.0,0.4364035087719298,0.19780701754385965
ENSAHAT00000017561,0.8657894736842106,0.7447368421052631,0.6162280701754386,0.9092105263157895,0.8732456140350877,0.4364035087719298,1.0,0.2763157894736843
ENSCMIT00000043047,0.22675438596491226,0.11578947368421055,0.5741228070175438,0.2657894736842106,0.30263157894736836,0.19780701754385965,0.2763157894736843,1.0
