	ENSMSIT00000041973	ENSCCNT00000027687	MGP_SPRETEiJ_T0061170	ENSDORT00000011762	ENSMSIT00000041956	MGP_SPRETEiJ_T0061171	ENSDORT00000034405
ENSMSIT00000041973	1.0	0.8777329654001274	0.9791976225854384	0.8700912757376353	0.9868393122479304	0.9819571216302272	0.7972829547866696
ENSCCNT00000027687	0.8777329654001274	1.0	0.8824028868605391	0.9163659520271704	0.890893653152197	0.8885586924219909	0.8367650180428784
MGP_SPRETEiJ_T0061170	0.9791976225854384	0.8824028868605391	1.0	0.8753980046699215	0.9881129271916792	0.9929951178093824	0.8117172574824878
ENSDORT00000011762	0.8700912757376353	0.9163659520271704	0.8753980046699215	1.0	0.8832519634897049	0.8815538102313734	0.9159414137125876
ENSMSIT00000041956	0.9868393122479304	0.890893653152197	0.9881129271916792	0.8832519634897049	1.0	0.9951178093822968	0.8061982593929102
MGP_SPRETEiJ_T0061171	0.9819571216302272	0.8885586924219909	0.9929951178093824	0.8815538102313734	0.9951178093822968	1.0	0.8047123752918701
ENSDORT00000034405	0.7972829547866696	0.8367650180428784	0.8117172574824878	0.9159414137125876	0.8061982593929102	0.8047123752918701	1.0
