	ENSCINT00000032802	ENSCINT00000036881	ENSCINT00000020987	ENSCINT00000020988	ENSCINT00000032647	ENSCINT00000036794
ENSCINT00000032802	1.0	0.7743445692883895	0.5852059925093633	0.5627340823970037	0.5	0.49812734082397
ENSCINT00000036881	0.7743445692883895	1.0	0.4859550561797753	0.499063670411985	0.41198501872659177	0.4035580524344569
ENSCINT00000020987	0.5852059925093633	0.4859550561797753	1.0	0.5823970037453183	0.5646067415730337	0.4503745318352059
ENSCINT00000020988	0.5627340823970037	0.499063670411985	0.5823970037453183	1.0	0.6479400749063671	0.4822097378277154
ENSCINT00000032647	0.5	0.41198501872659177	0.5646067415730337	0.6479400749063671	1.0	0.3941947565543072
ENSCINT00000036794	0.49812734082397	0.4035580524344569	0.4503745318352059	0.4822097378277154	0.3941947565543072	1.0
