,ENSNLET00000055836,ENSGGOT00000045015,ENSPTRT00000108787,ENSPPYT00000019285,ENSPPAT00000019269,ENSRBIT00000060049,ENSRROT00000069634
ENSNLET00000055836,1.0,0.9615384615384616,0.9587912087912088,0.9560439560439561,0.9587912087912088,0.6923076923076923,0.6868131868131868
ENSGGOT00000045015,0.9615384615384616,1.0,0.9945054945054945,0.989010989010989,0.9945054945054945,0.717032967032967,0.7115384615384616
ENSPTRT00000108787,0.9587912087912088,0.9945054945054945,1.0,0.9835164835164835,1.0,0.7115384615384616,0.7060439560439561
ENSPPYT00000019285,0.9560439560439561,0.989010989010989,0.9835164835164835,1.0,0.9835164835164835,0.717032967032967,0.7115384615384616
ENSPPAT00000019269,0.9587912087912088,0.9945054945054945,1.0,0.9835164835164835,1.0,0.7115384615384616,0.7060439560439561
ENSRBIT00000060049,0.6923076923076923,0.717032967032967,0.7115384615384616,0.717032967032967,0.7115384615384616,1.0,0.9945054945054945
ENSRROT00000069634,0.6868131868131868,0.7115384615384616,0.7060439560439561,0.7115384615384616,0.7060439560439561,0.9945054945054945,1.0
