,ENSORLT00000014973,ENSMZET00005024456,ENSHBUT00000019082,ENSACLT00000042373,ENSFHET00000002021,ENSSPAT00000019810,ENSNBRT00000007569,ENSPNYT00000020150,ENSACIT00000000104
ENSORLT00000014973,1.0,0.7070707070707071,0.5165945165945166,0.6017316017316018,0.5512265512265512,0.5901875901875901,0.5180375180375181,0.6017316017316018,0.5137085137085137
ENSMZET00005024456,0.7070707070707071,1.0,0.7994227994227994,0.8888888888888888,0.6305916305916306,0.6060606060606061,0.7965367965367965,0.8888888888888888,0.7157287157287158
ENSHBUT00000019082,0.5165945165945166,0.7994227994227994,1.0,0.9105339105339105,0.7619047619047619,0.7417027417027418,0.9913419913419913,0.9105339105339105,0.862914862914863
ENSACLT00000042373,0.6017316017316018,0.8888888888888888,0.9105339105339105,1.0,0.7157287157287158,0.6868686868686869,0.9047619047619048,1.0,0.7965367965367965
ENSFHET00000002021,0.5512265512265512,0.6305916305916306,0.7619047619047619,0.7157287157287158,1.0,0.7806637806637806,0.759018759018759,0.7157287157287158,0.7561327561327561
ENSSPAT00000019810,0.5901875901875901,0.6060606060606061,0.7417027417027418,0.6868686868686869,0.7806637806637806,1.0,0.7388167388167388,0.6868686868686869,0.7662337662337663
ENSNBRT00000007569,0.5180375180375181,0.7965367965367965,0.9913419913419913,0.9047619047619048,0.759018759018759,0.7388167388167388,1.0,0.9047619047619048,0.8643578643578643
ENSPNYT00000020150,0.6017316017316018,0.8888888888888888,0.9105339105339105,1.0,0.7157287157287158,0.6868686868686869,0.9047619047619048,1.0,0.7965367965367965
ENSACIT00000000104,0.5137085137085137,0.7157287157287158,0.862914862914863,0.7965367965367965,0.7561327561327561,0.7662337662337663,0.8643578643578643,0.7965367965367965,1.0
