	ENSPSIT00000012769	ENSOANT00000041106	ENSPRNT00000036239	ENSCPGT00000000995	ENSCPUT00000010527	ENSPSIT00000012762
ENSPSIT00000012769	1.0	0.4810879728006801	0.10072248193795152	0.9031024224394392	0.8895027624309392	0.9617509562260944
ENSOANT00000041106	0.4810879728006801	1.0	0.33786655333616666	0.4853378665533361	0.5261368465788355	0.4861878453038674
ENSPRNT00000036239	0.10072248193795152	0.33786655333616666	1.0	0.13132171695707606	0.14747131321716955	0.12749681257968548
ENSCPGT00000000995	0.9031024224394392	0.4853378665533361	0.13132171695707606	1.0	0.9434764130896728	0.9396515087122822
ENSCPUT00000010527	0.8895027624309392	0.5261368465788355	0.14747131321716955	0.9434764130896728	1.0	0.8895027624309392
ENSPSIT00000012762	0.9617509562260944	0.4861878453038674	0.12749681257968548	0.9396515087122822	0.8895027624309392	1.0
