	ENSPTET00000018493	ENSPTET00000009209	YHL017W_mRNA	YKL039W_mRNA	ENSCINT00000033930	FBtr0077912	C52B9.4.1
ENSPTET00000018493	1.0	0.8951255539143279	0.6336779911373708	0.6535133994513609	0.5176197510023212	0.3270732221987761	0.3391010761764085
ENSPTET00000009209	0.8951255539143279	1.0	0.694450305971724	0.7136526693395231	0.5777590208904833	0.388900611943448	0.401983540831399
YHL017W_mRNA	0.6336779911373708	0.694450305971724	1.0	0.8337201941337835	0.6347330660476894	0.4085250052753746	0.422029964127453
YKL039W_mRNA	0.6535133994513609	0.7136526693395231	0.8337201941337835	1.0	0.6448617851867483	0.415910529647605	0.4277273686431737
ENSCINT00000033930	0.5176197510023212	0.5777590208904833	0.6347330660476894	0.6448617851867483	1.0	0.4703523950200464	0.4910318632622917
FBtr0077912	0.3270732221987761	0.388900611943448	0.4085250052753746	0.415910529647605	0.4703523950200464	1.0	0.6518252795948513
C52B9.4.1	0.3391010761764085	0.401983540831399	0.422029964127453	0.4277273686431737	0.4910318632622917	0.6518252795948513	1.0
