,ENSSDAT00000006542,ENSDORT00000032873,ENSUPAT00010004051,ENSSTOT00000006764,ENSCCNT00000005543,ENSCCNT00000005559
ENSSDAT00000006542,1.0,0.8913649025069638,0.9233983286908078,0.9930362116991643,0.8064066852367688,0.9164345403899722
ENSDORT00000032873,0.8913649025069638,1.0,0.8328690807799443,0.8941504178272981,0.802924791086351,0.9108635097493036
ENSUPAT00010004051,0.9233983286908078,0.8328690807799443,1.0,0.9275766016713092,0.7430362116991643,0.8523676880222841
ENSSTOT00000006764,0.9930362116991643,0.8941504178272981,0.9275766016713092,1.0,0.8064066852367688,0.9157381615598886
ENSCCNT00000005543,0.8064066852367688,0.802924791086351,0.7430362116991643,0.8064066852367688,1.0,0.8864902506963789
ENSCCNT00000005559,0.9164345403899722,0.9108635097493036,0.8523676880222841,0.9157381615598886,0.8864902506963789,1.0
