,ENSDNOT00000040649,ENSLAFT00000008192,ENSCHOT00000007555,ENSPVAT00000016406,ENSDNOT00000045755,ENSETET00000014828
ENSDNOT00000040649,1.0,0.8395061728395061,0.4423868312757202,0.38888888888888884,0.9382716049382716,0.7270233196159122
ENSLAFT00000008192,0.8395061728395061,1.0,0.38134430727023316,0.36008230452674894,0.7997256515775034,0.7050754458161865
ENSCHOT00000007555,0.4423868312757202,0.38134430727023316,1.0,0.5987654320987654,0.401920438957476,0.5692729766803841
ENSPVAT00000016406,0.38888888888888884,0.36008230452674894,0.5987654320987654,1.0,0.35116598079561046,0.3058984910836763
ENSDNOT00000045755,0.9382716049382716,0.7997256515775034,0.401920438957476,0.35116598079561046,1.0,0.6858710562414266
ENSETET00000014828,0.7270233196159122,0.7050754458161865,0.5692729766803841,0.3058984910836763,0.6858710562414266,1.0
