,ENSAOWT00000024324,ENSDNVT00000015753,ENSAOWT00000024333,ENSARWT00000018102,ENSARWT00000018101,ENSAHAT00000017529,ENSAOWT00000024312,ENSDNVT00000015762
ENSAOWT00000024324,1.0,0.8622525015967639,0.9469874387907175,0.9970193740685543,0.9765807962529274,0.9791356184798807,0.979561422184373,0.9244198424526293
ENSDNVT00000015753,0.8622525015967639,1.0,0.8503299978709815,0.8622525015967639,0.8822652757078987,0.8826910794123909,0.8822652757078987,0.9173940813285075
ENSAOWT00000024333,0.9469874387907175,0.8503299978709815,1.0,0.9440068128592719,0.9644453906748989,0.9670002129018522,0.9674260166063445,0.9124973387268469
ENSARWT00000018102,0.9970193740685543,0.8622525015967639,0.9440068128592719,1.0,0.979561422184373,0.9770065999574197,0.9765807962529274,0.9242069406003832
ENSARWT00000018101,0.9765807962529274,0.8822652757078987,0.9644453906748989,0.979561422184373,1.0,0.9974451777730466,0.9970193740685543,0.944219714711518
ENSAHAT00000017529,0.9791356184798807,0.8826910794123909,0.9670002129018522,0.9770065999574197,0.9974451777730466,1.0,0.9995741962955078,0.9448584202682563
ENSAOWT00000024312,0.979561422184373,0.8822652757078987,0.9674260166063445,0.9765807962529274,0.9970193740685543,0.9995741962955078,1.0,0.9444326165637641
ENSDNVT00000015762,0.9244198424526293,0.9173940813285075,0.9124973387268469,0.9242069406003832,0.944219714711518,0.9448584202682563,0.9444326165637641,1.0
