,ENSMNET00000029912,ENSMFAT00000052719,ENSTGET00000006105,ENSPANT00000048401,ENSCATT00000020754,ENSRROT00000032249,ENSMLET00000030439,ENSRBIT00000057957
ENSMNET00000029912,1.0,0.9945054945054945,0.9807692307692307,0.9835164835164835,0.9807692307692307,0.5769230769230769,0.967032967032967,0.5796703296703297
ENSMFAT00000052719,0.9945054945054945,1.0,0.9862637362637363,0.989010989010989,0.9862637362637363,0.5824175824175825,0.9725274725274725,0.5851648351648352
ENSTGET00000006105,0.9807692307692307,0.9862637362637363,1.0,0.9972527472527473,0.989010989010989,0.5796703296703297,0.9752747252747253,0.5824175824175825
ENSPANT00000048401,0.9835164835164835,0.989010989010989,0.9972527472527473,1.0,0.9917582417582418,0.5824175824175825,0.978021978021978,0.5851648351648352
ENSCATT00000020754,0.9807692307692307,0.9862637362637363,0.989010989010989,0.9917582417582418,1.0,0.5851648351648352,0.9807692307692307,0.5879120879120879
ENSRROT00000032249,0.5769230769230769,0.5824175824175825,0.5796703296703297,0.5824175824175825,0.5851648351648352,1.0,0.5769230769230769,0.9972527472527473
ENSMLET00000030439,0.967032967032967,0.9725274725274725,0.9752747252747253,0.978021978021978,0.9807692307692307,0.5769230769230769,1.0,0.5741758241758241
ENSRBIT00000057957,0.5796703296703297,0.5851648351648352,0.5824175824175825,0.5851648351648352,0.5879120879120879,0.9972527472527473,0.5741758241758241,1.0
