,ENSRROT00000033252,ENSPTET00000008414,ENSPANT00000036712,ENSMLET00000017560,ENSANAT00000051421,ENSBTAT00000080783,ENSTGET00000010270,ENSMNET00000002798,ENSRBIT00000039317
ENSRROT00000033252,1.0,0.9144215530903328,0.8748019017432647,0.884310618066561,0.722662440570523,0.44532488114104596,0.8938193343898574,0.6957210776545166,0.9064976228209192
ENSPTET00000008414,0.9144215530903328,1.0,0.9429477020602218,0.9540412044374009,0.7274167987321711,0.4500792393026941,0.9635499207606973,0.652931854199683,0.9461172741679873
ENSPANT00000036712,0.8748019017432647,0.9429477020602218,1.0,0.9698890649762282,0.7179080824088748,0.4326465927099842,0.9793977812995246,0.6339144215530903,0.9175911251980983
ENSMLET00000017560,0.884310618066561,0.9540412044374009,0.9698890649762282,1.0,0.7290015847860539,0.44532488114104596,0.9904912836767037,0.6481774960380349,0.9286846275752774
ENSANAT00000051421,0.722662440570523,0.7274167987321711,0.7179080824088748,0.7290015847860539,1.0,0.3740095087163233,0.7337559429477021,0.5229793977812995,0.7147385103011094
ENSBTAT00000080783,0.44532488114104596,0.4500792393026941,0.4326465927099842,0.44532488114104596,0.3740095087163233,1.0,0.4500792393026941,0.3518225039619651,0.4706814580031695
ENSTGET00000010270,0.8938193343898574,0.9635499207606973,0.9793977812995246,0.9904912836767037,0.7337559429477021,0.4500792393026941,1.0,0.6545166402535658,0.9381933438985737
ENSMNET00000002798,0.6957210776545166,0.652931854199683,0.6339144215530903,0.6481774960380349,0.5229793977812995,0.3518225039619651,0.6545166402535658,1.0,0.6370839936608558
ENSRBIT00000039317,0.9064976228209192,0.9461172741679873,0.9175911251980983,0.9286846275752774,0.7147385103011094,0.4706814580031695,0.9381933438985737,0.6370839936608558,1.0
