,ENSMLET00000050887,ENSCCAT00000024902,ENSPANT00000037291,ENSCATT00000045371,ENSGGOT00000066036,ENSPPAT00000011792,ENSMFAT00000003255,ENSPTRT00000101545
ENSMLET00000050887,1.0,0.3992805755395683,0.9964028776978417,0.9856115107913669,0.8597122302158273,0.8615107913669064,0.9586330935251799,0.8615107913669064
ENSCCAT00000024902,0.3992805755395683,1.0,0.3992805755395683,0.3974820143884892,0.3597122302158273,0.36151079136690645,0.4136690647482014,0.36151079136690645
ENSPANT00000037291,0.9964028776978417,0.3992805755395683,1.0,0.987410071942446,0.8561151079136691,0.8579136690647482,0.9586330935251799,0.8579136690647482
ENSCATT00000045371,0.9856115107913669,0.3974820143884892,0.987410071942446,1.0,0.8471223021582733,0.8489208633093526,0.947841726618705,0.8489208633093526
ENSGGOT00000066036,0.8597122302158273,0.3597122302158273,0.8561151079136691,0.8471223021582733,1.0,0.9910071942446043,0.8794964028776978,0.9910071942446043
ENSPPAT00000011792,0.8615107913669064,0.36151079136690645,0.8579136690647482,0.8489208633093526,0.9910071942446043,1.0,0.8812949640287769,1.0
ENSMFAT00000003255,0.9586330935251799,0.4136690647482014,0.9586330935251799,0.947841726618705,0.8794964028776978,0.8812949640287769,1.0,0.8812949640287769
ENSPTRT00000101545,0.8615107913669064,0.36151079136690645,0.8579136690647482,0.8489208633093526,0.9910071942446043,1.0,0.8812949640287769,1.0
