	ENSCSET00000006228	ENSCSET00000006219	ENSTNIT00000000431	ENSCSET00000006243	ENSGACT00000019151	ENSTNIT00000011320	ENSGACT00000018847	ENSCSET00000006261	ENSHCOT00000006624
ENSCSET00000006228	1.0	1.0	0.9	1.0	0.9093023255813952	0.901937984496124	0.8905684754521964	0.9870801033591732	0.8887596899224807
ENSCSET00000006219	1.0	1.0	0.9	1.0	0.9093023255813952	0.901937984496124	0.8905684754521964	0.9870801033591732	0.8887596899224807
ENSTNIT00000000431	0.9	0.9	1.0	0.9	0.9130490956072352	0.9919896640826872	0.9012919896640826	0.8881136950904392	0.89328165374677
ENSCSET00000006243	1.0	1.0	0.9	1.0	0.9093023255813952	0.901937984496124	0.8905684754521964	0.9870801033591732	0.8887596899224807
ENSGACT00000019151	0.9093023255813952	0.9093023255813952	0.9130490956072352	0.9093023255813952	1.0	0.9120155038759691	0.9627906976744186	0.8976744186046511	0.9001291989664083
ENSTNIT00000011320	0.901937984496124	0.901937984496124	0.9919896640826872	0.901937984496124	0.9120155038759691	1.0	0.8989664082687339	0.8906976744186047	0.8952196382428941
ENSGACT00000018847	0.8905684754521964	0.8905684754521964	0.9012919896640826	0.8905684754521964	0.9627906976744186	0.8989664082687339	1.0	0.8795865633074935	0.9151162790697674
ENSCSET00000006261	0.9870801033591732	0.9870801033591732	0.8881136950904392	0.9870801033591732	0.8976744186046511	0.8906976744186047	0.8795865633074935	1.0	0.8771317829457365
ENSHCOT00000006624	0.8887596899224807	0.8887596899224807	0.89328165374677	0.8887596899224807	0.9001291989664083	0.8952196382428941	0.9151162790697674	0.8771317829457365	1.0
