	ENSARWT00000005144	ENSDNVT00000016291	ENSDNVT00000016301	ENSDNVT00000016320	ENSAOWT00000025784	ENSDNVT00000016269	ENSAHAT00000013280	ENSDNVT00000016280
ENSARWT00000005144	1.0	0.9462311557788944	0.9462311557788944	0.9462311557788944	0.9944723618090452	0.9346733668341708	0.9954773869346734	0.9346733668341708
ENSDNVT00000016291	0.9462311557788944	1.0	1.0	1.0	0.9467336683417086	0.9668341708542714	0.9472361809045228	0.9668341708542714
ENSDNVT00000016301	0.9462311557788944	1.0	1.0	1.0	0.9467336683417086	0.9668341708542714	0.9472361809045228	0.9668341708542714
ENSDNVT00000016320	0.9462311557788944	1.0	1.0	1.0	0.9467336683417086	0.9668341708542714	0.9472361809045228	0.9668341708542714
ENSAOWT00000025784	0.9944723618090452	0.9467336683417086	0.9467336683417086	0.9467336683417086	1.0	0.9356783919597991	0.9989949748743718	0.9356783919597991
ENSDNVT00000016269	0.9346733668341708	0.9668341708542714	0.9668341708542714	0.9668341708542714	0.9356783919597991	1.0	0.936180904522613	0.955778894472362
ENSAHAT00000013280	0.9954773869346734	0.9472361809045228	0.9472361809045228	0.9472361809045228	0.9989949748743718	0.936180904522613	1.0	0.936180904522613
ENSDNVT00000016280	0.9346733668341708	0.9668341708542714	0.9668341708542714	0.9668341708542714	0.9356783919597991	0.955778894472362	0.936180904522613	1.0
