,ENSAMXT00000048946,ENSAMXT00000031567,ENSAMXT00000056203,ENSAMXT00000034326,ENSAMXT00000044450,ENSAMXT00000050193,ENSAMXT00000010951
ENSAMXT00000048946,1.0,0.833605220228385,0.9823817292006525,0.9464926590538336,0.9549755301794454,0.8016313213703099,0.9210440456769984
ENSAMXT00000031567,0.833605220228385,1.0,0.8512234910277324,0.8075040783034257,0.8159869494290375,0.8858075040783034,0.7624796084828711
ENSAMXT00000056203,0.9823817292006525,0.8512234910277324,1.0,0.9562805872756933,0.9647634584013051,0.8192495921696574,0.9112561174551387
ENSAMXT00000034326,0.9464926590538336,0.8075040783034257,0.9562805872756933,1.0,0.9288743882544861,0.8551386623164764,0.8838499184339315
ENSAMXT00000044450,0.9549755301794454,0.8159869494290375,0.9647634584013051,0.9288743882544861,1.0,0.7840130505709625,0.9386623164763458
ENSAMXT00000050193,0.8016313213703099,0.8858075040783034,0.8192495921696574,0.8551386623164764,0.7840130505709625,1.0,0.7468189233278956
ENSAMXT00000010951,0.9210440456769984,0.7624796084828711,0.9112561174551387,0.8838499184339315,0.9386623164763458,0.7468189233278956,1.0
