,ENSNLET00000052154,ENSPTRT00000067228,ENSOCUT00000003812,ENSTGET00000029938,ENSPPAT00000051470,ENSNLET00000041674
ENSNLET00000052154,1.0,0.9936963754158641,0.01821047102083695,0.9919453685869375,0.9943967781474348,0.9908947644895815
ENSPTRT00000067228,0.9936963754158641,1.0,0.019611276483978313,0.9952722815618981,0.9991244965855367,0.9950971808790054
ENSOCUT00000003812,0.01821047102083695,0.019611276483978313,1.0,0.01891087375240763,0.019961477849763654,0.018035370337944334
ENSTGET00000029938,0.9919453685869375,0.9952722815618981,0.01891087375240763,1.0,0.9954473822447908,0.9949220801961127
ENSPPAT00000051470,0.9943967781474348,0.9991244965855367,0.019961477849763654,0.9954473822447908,1.0,0.9956224829276834
ENSNLET00000041674,0.9908947644895815,0.9950971808790054,0.018035370337944334,0.9949220801961127,0.9956224829276834,1.0
