,ENSCCNT00000040514,ENSODET00000007292,F39C12.1.1,ENSCLAT00000004965,FBtr0077835,ENSCAPT00000000136,ENSCPOT00000011857,ENSODET00000001926,ENSDORT00000008158
ENSCCNT00000040514,1.0,0.9305490884343995,0.4057810093484724,0.9479924066048211,0.8723091801282281,0.9520756474085748,0.9493176689709517,0.9478491349976719,0.9498549374977614
ENSODET00000007292,0.9305490884343995,1.0,0.3932089258211253,0.9410437336580824,0.8605967262437766,0.9402915577205487,0.9415451842831047,0.9444464343278771,0.9400050145062502
F39C12.1.1,0.4057810093484724,0.3932089258211253,1.0,0.39639671908019625,0.3819621046599091,0.39643253698198366,0.39628926537483433,0.39632508327662164,0.3972205308213045
ENSCLAT00000004965,0.9479924066048211,0.9410437336580824,0.39639671908019625,1.0,0.8731688097711237,0.9902575307138508,0.9940184104015187,0.9926573301336008,0.9902575307138508
FBtr0077835,0.8723091801282281,0.8605967262437766,0.3819621046599091,0.8731688097711237,1.0,0.8765356925391311,0.8735269887889967,0.8733837171818475,0.873562806690784
ENSCAPT00000000136,0.9520756474085748,0.9402915577205487,0.39643253698198366,0.9902575307138508,0.8765356925391311,1.0,0.9960242129016083,0.989935169597765,0.9900784412049142
ENSCPOT00000011857,0.9493176689709517,0.9415451842831047,0.39628926537483433,0.9940184104015187,0.8735269887889967,0.9960242129016083,1.0,0.9936602313836456,0.9924424227228769
ENSODET00000001926,0.9478491349976719,0.9444464343278771,0.39632508327662164,0.9926573301336008,0.8733837171818475,0.989935169597765,0.9936602313836456,1.0,0.9900068054013396
ENSDORT00000008158,0.9498549374977614,0.9400050145062502,0.3972205308213045,0.9902575307138508,0.873562806690784,0.9900784412049142,0.9924424227228769,0.9900068054013396,1.0
