,ENSGGOT00000023629,ENSLAFT00000005362,ENST00000261942,ENST00000510730,ENSGGOT00000005535,ENSPCAT00000002483,ENSETET00000004942,ENSDNOT00000032951,ENSCHOT00000000574
ENSGGOT00000023629,1.0,0.9550561797752809,0.9982259018332348,0.2903607332939089,0.8243642814902424,0.5529272619751626,0.9355410999408634,0.9515079834417505,0.9574216439976345
ENSLAFT00000005362,0.9550561797752809,1.0,0.9544648137196925,0.28740390301596697,0.7859254878769959,0.5659373151981076,0.9473684210526315,0.9603784742755765,0.9597871082199881
ENST00000261942,0.9982259018332348,0.9544648137196925,1.0,0.2903607332939089,0.8225901833234772,0.553518628030751,0.9361324659964518,0.9509166173861621,0.9556475458308693
ENST00000510730,0.2903607332939089,0.28740390301596697,0.2903607332939089,1.0,0.29923122412773506,0.28503843879361324,0.2826729745712596,0.28503843879361324,0.2820816085156712
ENSGGOT00000005535,0.8243642814902424,0.7859254878769959,0.8225901833234772,0.29923122412773506,1.0,0.38675340035481964,0.7711413364872857,0.7823772915434654,0.7959787108219988
ENSPCAT00000002483,0.5529272619751626,0.5659373151981076,0.553518628030751,0.28503843879361324,0.38675340035481964,1.0,0.5470136014192786,0.5558840922531046,0.5552927261975162
ENSETET00000004942,0.9355410999408634,0.9473684210526315,0.9361324659964518,0.2826729745712596,0.7711413364872857,0.5470136014192786,1.0,0.9373151981076286,0.9373151981076286
ENSDNOT00000032951,0.9515079834417505,0.9603784742755765,0.9509166173861621,0.28503843879361324,0.7823772915434654,0.5558840922531046,0.9373151981076286,1.0,0.9686575990538143
ENSCHOT00000000574,0.9574216439976345,0.9597871082199881,0.9556475458308693,0.2820816085156712,0.7959787108219988,0.5552927261975162,0.9373151981076286,0.9686575990538143,1.0
