	ENSEBUT00000011481	ENSECRT00000002513	ENSCMIT00000004580	ENSECRT00000002500	ENSLACT00000009717	ENSCMIT00000004563	ENSEBUT00000011537	ENSEBUT00000011579
ENSEBUT00000011481	1.0	0.5517462351810317	0.6411406600448574	0.5834668375520666	0.5744953540531881	0.6927266901634092	0.9134892662608138	0.7741108619032362
ENSECRT00000002513	0.5517462351810317	1.0	0.5613585389298302	0.9480935597564883	0.6709388016661326	0.5405318808074335	0.6273630246715797	0.5052867670618392
ENSCMIT00000004580	0.6411406600448574	0.5613585389298302	1.0	0.5956424223005446	0.6033322652995835	0.8058314642742711	0.7170778596603653	0.6215956424223006
ENSECRT00000002500	0.5834668375520666	0.9480935597564883	0.5956424223005446	1.0	0.7065043255366871	0.5748157641781481	0.6590836270426146	0.5350849086831144
ENSLACT00000009717	0.5744953540531881	0.6709388016661326	0.6033322652995835	0.7065043255366871	1.0	0.5844280679269465	0.6517141941685357	0.5299583466837552
ENSCMIT00000004563	0.6927266901634092	0.5405318808074335	0.8058314642742711	0.5748157641781481	0.5844280679269465	1.0	0.7212431912848446	0.6552387055430952
ENSEBUT00000011537	0.9134892662608138	0.6273630246715797	0.7170778596603653	0.6590836270426146	0.6517141941685357	0.7212431912848446	1.0	0.8606215956424224
ENSEBUT00000011579	0.7741108619032362	0.5052867670618392	0.6215956424223006	0.5350849086831144	0.5299583466837552	0.6552387055430952	0.8606215956424224	1.0
