,ENSAMXT00000051056,ENSPKIT00000040864,ENSDCDT00000062457,ENSIPUT00000007954,ENSPKIT00000023179,ENSCHAT00000034832,ENSAMXT00000047904,ENSEEET00000027400,ENSEEET00000027401
ENSAMXT00000051056,1.0,0.7285491419656787,0.733229329173167,0.7550702028081123,0.7254290171606864,0.7519500780031201,0.9110764430577223,0.7784711388455539,0.1794071762870515
ENSPKIT00000040864,0.7285491419656787,1.0,0.8081123244929798,0.7769110764430577,0.8783151326053042,0.8315132605304212,0.8018720748829953,0.7831513260530422,0.24492979719188768
ENSDCDT00000062457,0.733229329173167,0.8081123244929798,1.0,0.7987519500780031,0.8127925117004681,0.8549141965678627,0.8112324492979719,0.8252730109204368,0.2620904836193447
ENSIPUT00000007954,0.7550702028081123,0.7769110764430577,0.7987519500780031,1.0,0.7613104524180967,0.8034321372854915,0.8315132605304212,0.8330733229329174,0.25585023400936036
ENSPKIT00000023179,0.7254290171606864,0.8783151326053042,0.8127925117004681,0.7613104524180967,1.0,0.8393135725429017,0.8003120124804992,0.7878315132605305,0.2589703588143526
ENSCHAT00000034832,0.7519500780031201,0.8315132605304212,0.8549141965678627,0.8034321372854915,0.8393135725429017,1.0,0.8299531981279251,0.8315132605304212,0.2542901716068643
ENSAMXT00000047904,0.9110764430577223,0.8018720748829953,0.8112324492979719,0.8315132605304212,0.8003120124804992,0.8299531981279251,1.0,0.858034321372855,0.2589703588143526
ENSEEET00000027400,0.7784711388455539,0.7831513260530422,0.8252730109204368,0.8330733229329174,0.7878315132605305,0.8315132605304212,0.858034321372855,1.0,0.29173166926677063
ENSEEET00000027401,0.1794071762870515,0.24492979719188768,0.2620904836193447,0.25585023400936036,0.2589703588143526,0.2542901716068643,0.2589703588143526,0.29173166926677063,1.0
