	ENSXMAT00000031149	FBtr0084364	ENSGAFT00000017638	ENSFHET00000027326	M163.2.1	ENSGAFT00000017642	ENSCINT00000033355	FBtr0337069
ENSXMAT00000031149	1.0	0.5446888160973327	0.9904851037279676	0.9639681796911558	0.7151770394634223	0.9904851037279676	0.38168772422399	0.7468413664014975
FBtr0084364	0.5446888160973327	1.0	0.5434409608485415	0.5520199656839807	0.4968023709249727	0.5434409608485415	0.21899859616284512	0.7618156293869911
ENSGAFT00000017638	0.9904851037279676	0.5434409608485415	1.0	0.9596006863203868	0.7142411480268289	1.0	0.3802838870691	0.7454375292466074
ENSFHET00000027326	0.9639681796911558	0.5520199656839807	0.9596006863203868	1.0	0.7167368585244112	0.9596006863203868	0.38246763375448456	0.7541725159881454
M163.2.1	0.7151770394634223	0.4968023709249727	0.7142411480268289	0.7167368585244112	1.0	0.7142411480268289	0.3876150366557479	0.6730619248167212
ENSGAFT00000017642	0.9904851037279676	0.5434409608485415	1.0	0.9596006863203868	0.7142411480268289	1.0	0.3802838870691	0.7454375292466074
ENSCINT00000033355	0.38168772422399	0.21899859616284512	0.3802838870691	0.38246763375448456	0.3876150366557479	0.3802838870691	1.0	0.4072687568242084
FBtr0337069	0.7468413664014975	0.7618156293869911	0.7454375292466074	0.7541725159881454	0.6730619248167212	0.7454375292466074	0.4072687568242084	1.0
