	F20D6.4a.1	F20D6.3.1	C03G6.19.1	F20D6.4c.1	F20D6.4b.1	F20D6.4d.1
F20D6.4a.1	1.0	0.676933607118412	0.7399041752224503	0.7761806981519507	0.7741273100616016	0.9856262833675564
F20D6.3.1	0.676933607118412	1.0	0.6625598904859685	0.5188227241615332	0.5167693360711841	0.6824093086926762
C03G6.19.1	0.7399041752224503	0.6625598904859685	1.0	0.5516769336071184	0.5496235455167693	0.7508555783709788
F20D6.4c.1	0.7761806981519507	0.5188227241615332	0.5516769336071184	1.0	0.7761806981519507	0.7618069815195072
F20D6.4b.1	0.7741273100616016	0.5167693360711841	0.5496235455167693	0.7761806981519507	1.0	0.7597535934291582
F20D6.4d.1	0.9856262833675564	0.6824093086926762	0.7508555783709788	0.7618069815195072	0.7597535934291582	1.0
