,ENSPTRT00000089780,ENSGGOT00000058891,ENSPPAT00000049288,ENSPTRT00000087416,ENSPANT00000034994,ENSPPAT00000046556
ENSPTRT00000089780,1.0,0.32427843803056033,0.6960950764006791,0.6952461799660441,0.7589134125636672,0.9881154499151104
ENSGGOT00000058891,0.32427843803056033,1.0,0.46689303904923607,0.47707979626485564,0.2911714770797963,0.3183361629881154
ENSPPAT00000049288,0.6960950764006791,0.46689303904923607,1.0,0.9847198641765704,0.698641765704584,0.700339558573854
ENSPTRT00000087416,0.6952461799660441,0.47707979626485564,0.9847198641765704,1.0,0.7071307300509337,0.698641765704584
ENSPANT00000034994,0.7589134125636672,0.2911714770797963,0.698641765704584,0.7071307300509337,1.0,0.7606112054329371
ENSPPAT00000046556,0.9881154499151104,0.3183361629881154,0.700339558573854,0.698641765704584,0.7606112054329371,1.0
