,ENSNSUT00000016574,ENSCABT00000034781,ENSGAGT00000035120,ENSACAT00000028625,ENSSMRT00000003797,ENSPVIT00000032808
ENSNSUT00000016574,1.0,0.6973443223443223,0.6987179487179487,0.7825091575091575,0.8273809523809523,0.6721611721611722
ENSCABT00000034781,0.6973443223443223,1.0,0.9766483516483516,0.717032967032967,0.717032967032967,0.6039377289377289
ENSGAGT00000035120,0.6987179487179487,0.9766483516483516,1.0,0.717948717948718,0.717948717948718,0.6039377289377289
ENSACAT00000028625,0.7825091575091575,0.717032967032967,0.717948717948718,1.0,0.8086080586080586,0.6831501831501832
ENSSMRT00000003797,0.8273809523809523,0.717032967032967,0.717948717948718,0.8086080586080586,1.0,0.6895604395604396
ENSPVIT00000032808,0.6721611721611722,0.6039377289377289,0.6039377289377289,0.6831501831501832,0.6895604395604396,1.0
