,ENSCPUT00000030793,ENSCPGT00000023080,ENSZALT00000017377,ENSZALT00000017376,ENSCPGT00000023078,ENSSCAT00000008539
ENSCPUT00000030793,1.0,0.8809853307500692,0.7625242181013009,0.8115139773041794,0.8353169111541655,0.8455577082756712
ENSCPGT00000023080,0.8809853307500692,1.0,0.8450041516745087,0.702463326875173,0.9543315804040963,0.7362302795460836
ENSZALT00000017377,0.7625242181013009,0.8450041516745087,1.0,0.7951840575698865,0.8862441184611126,0.8092997508995294
ENSZALT00000017376,0.8115139773041794,0.702463326875173,0.7951840575698865,1.0,0.7437032936617769,0.8856905618599502
ENSCPGT00000023078,0.8353169111541655,0.9543315804040963,0.8862441184611126,0.7437032936617769,1.0,0.7777470246332687
ENSSCAT00000008539,0.8455577082756712,0.7362302795460836,0.8092997508995294,0.8856905618599502,0.7777470246332687,1.0
