	C41G7.1b.1	C41G7.1a.1	ENSCINT00000026388	ENSCSAVT00000014495	ENSAPOT00000000034	ENSAPOT00000000024	ENSAPOT00000000049
C41G7.1b.1	1.0	0.9841521394611727	0.4844162704701531	0.5229793977812995	0.4379292128895933	0.4284204965662969	0.5900686740623349
C41G7.1a.1	0.9841521394611727	1.0	0.4981510829371368	0.5367142102482831	0.4305335446381405	0.44004226096143695	0.5826730058108822
ENSCINT00000026388	0.4844162704701531	0.4981510829371368	1.0	0.7342842049656629	0.17221341785525626	0.1817221341785525	0.3243528790279979
ENSCSAVT00000014495	0.5229793977812995	0.5367142102482831	0.7342842049656629	1.0	0.190702588483888	0.2002113048071843	0.3428420496566297
ENSAPOT00000000034	0.4379292128895933	0.4305335446381405	0.17221341785525626	0.190702588483888	1.0	0.9587955625990492	0.8478605388272583
ENSAPOT00000000024	0.4284204965662969	0.44004226096143695	0.1817221341785525	0.2002113048071843	0.9587955625990492	1.0	0.8066561014263075
ENSAPOT00000000049	0.5900686740623349	0.5826730058108822	0.3243528790279979	0.3428420496566297	0.8478605388272583	0.8066561014263075	1.0
