,ENSNPET00000000629,ENSAOWT00000028891,ENSDNVT00000020603,ENSDNVT00000020606,ENSDNVT00000020604,ENSARWT00000011276,ENSARWT00000011277,ENSAHAT00000003460
ENSNPET00000000629,1.0,0.7647058823529411,0.7482605945604048,0.7482605945604048,0.7577482605945604,0.7640733712839974,0.7545857052498419,0.8203668564199873
ENSAOWT00000028891,0.7647058823529411,1.0,0.9563567362428842,0.9563567362428842,0.9658444022770398,0.9987349778621126,0.989247311827957,0.9089184060721063
ENSDNVT00000020603,0.7482605945604048,0.9563567362428842,1.0,1.0,0.9905123339658444,0.9563567362428842,0.9652118912080961,0.8709677419354839
ENSDNVT00000020606,0.7482605945604048,0.9563567362428842,1.0,1.0,0.9905123339658444,0.9563567362428842,0.9652118912080961,0.8709677419354839
ENSDNVT00000020604,0.7577482605945604,0.9658444022770398,0.9905123339658444,0.9905123339658444,1.0,0.9658444022770398,0.9563567362428842,0.8804554079696395
ENSARWT00000011276,0.7640733712839974,0.9987349778621126,0.9563567362428842,0.9563567362428842,0.9658444022770398,1.0,0.9905123339658444,0.9082858950031626
ENSARWT00000011277,0.7545857052498419,0.989247311827957,0.9652118912080961,0.9652118912080961,0.9563567362428842,0.9905123339658444,1.0,0.898798228969007
ENSAHAT00000003460,0.8203668564199873,0.9089184060721063,0.8709677419354839,0.8709677419354839,0.8804554079696395,0.9082858950031626,0.898798228969007,1.0
