	ENSAOWT00000010511	ENSAOWT00000010506	ENSAHAT00000015701	ENSAHAT00000015706	ENSNPET00000018731	ENSARWT00000028237
ENSAOWT00000010511	1.0	0.5400410677618069	0.5400410677618069	1.0	0.6078028747433265	0.9979466119096508
ENSAOWT00000010506	0.5400410677618069	1.0	0.9979466119096508	0.5400410677618069	0.3983572895277208	0.5400410677618069
ENSAHAT00000015701	0.5400410677618069	0.9979466119096508	1.0	0.5400410677618069	0.3983572895277208	0.5400410677618069
ENSAHAT00000015706	1.0	0.5400410677618069	0.5400410677618069	1.0	0.6078028747433265	0.9979466119096508
ENSNPET00000018731	0.6078028747433265	0.3983572895277208	0.3983572895277208	0.6078028747433265	1.0	0.6057494866529775
ENSARWT00000028237	0.9979466119096508	0.5400410677618069	0.5400410677618069	0.9979466119096508	0.6057494866529775	1.0
