,ENSCCAT00000022451,ENSMODT00000083683,ENSVURT00010033761,ENSLAFT00000000067,ENSPCIT00000043290,ENSPSMT00000018618,ENSOGAT00000001382,ENSMODT00000013534
ENSCCAT00000022451,1.0,0.8825257855600863,0.9678579995202686,0.9910050371791796,0.9685176301271288,0.9902254737347086,0.991304869273207,0.9676181338450468
ENSMODT00000083683,0.8825257855600863,1.0,0.9013552410650036,0.8827656512353083,0.9014152074838091,0.8809666586711442,0.8828855840729192,0.9041136963300551
ENSVURT00010033761,0.9678579995202686,0.9013552410650036,1.0,0.9706164547853202,0.9973015111537539,0.9685176301271288,0.9696569920844327,0.9919045334612617
ENSLAFT00000000067,0.9910050371791796,0.8827656512353083,0.9706164547853202,1.0,0.9716958503238187,0.991424802110818,0.9925041976493164,0.9703765891100984
ENSPCIT00000043290,0.9685176301271288,0.9014152074838091,0.9973015111537539,0.9716958503238187,1.0,0.969177260733989,0.9701367234348764,0.9920244662988726
ENSPSMT00000018618,0.9902254737347086,0.8809666586711442,0.9685176301271288,0.991424802110818,0.969177260733989,1.0,0.9937634924442312,0.9678579995202686
ENSOGAT00000001382,0.991304869273207,0.8828855840729192,0.9696569920844327,0.9925041976493164,0.9701367234348764,0.9937634924442312,1.0,0.9697169585032381
ENSMODT00000013534,0.9676181338450468,0.9041136963300551,0.9919045334612617,0.9703765891100984,0.9920244662988726,0.9678579995202686,0.9697169585032381,1.0
