	ENSXETT00000032309	ENSCHAT00000033764	ENSLACT00000013523	ENSCHAT00000033734	ENSDCDT00000064413	ENSDCDT00000064411
ENSXETT00000032309	1.0	0.7057864710676447	0.7090464547677262	0.5639771801140995	0.7351263243683781	0.6210268948655256
ENSCHAT00000033764	0.7057864710676447	1.0	0.6601466992665037	0.7709861450692747	0.8484107579462102	0.7269763651181744
ENSLACT00000013523	0.7090464547677262	0.6601466992665037	1.0	0.511002444987775	0.6813365933170334	0.5623471882640587
ENSCHAT00000033734	0.5639771801140995	0.7709861450692747	0.511002444987775	1.0	0.6878565607171964	0.5664221678891606
ENSDCDT00000064413	0.7351263243683781	0.8484107579462102	0.6813365933170334	0.6878565607171964	1.0	0.8712306438467807
ENSDCDT00000064411	0.6210268948655256	0.7269763651181744	0.5623471882640587	0.5664221678891606	0.8712306438467807	1.0
