	ENSCHAT00000044808	ENSCINT00000026470	ENSDCDT00000045723	ENSCHAT00000044823	ENSAMXT00000006170	ENSAMXT00000052455	MGP_PahariEiJ_T0083826	MGP_PahariEiJ_T0083825
ENSCHAT00000044808	1.0	0.4577531947358382	0.5544535571237841	0.8785046728971962	0.6927331680335685	0.7070379553690636	0.5628456990272744	0.5779134083539958
ENSCINT00000026470	0.4577531947358382	1.0	0.7757009345794392	0.523555216479115	0.5391951172992562	0.5534999046347511	0.6776654587068472	0.6347510967003623
ENSDCDT00000045723	0.5544535571237841	0.7757009345794392	1.0	0.6202555788670608	0.6309364867442304	0.6452412740797253	0.7303070761014686	0.6873927140949838
ENSCHAT00000044823	0.8785046728971962	0.523555216479115	0.6202555788670608	1.0	0.7585351897768453	0.8107953461758535	0.6286477207705512	0.6437154300972725
ENSAMXT00000006170	0.6927331680335685	0.5391951172992562	0.6309364867442304	0.7585351897768453	1.0	0.9334350562654968	0.6433339691016594	0.6486744230402441
ENSAMXT00000052455	0.7070379553690636	0.5534999046347511	0.6452412740797253	0.8107953461758535	0.9334350562654968	1.0	0.6576387564371543	0.662979210375739
MGP_PahariEiJ_T0083826	0.5628456990272744	0.6776654587068472	0.7303070761014686	0.6286477207705512	0.6433339691016594	0.6576387564371543	1.0	0.9570856379935152
MGP_PahariEiJ_T0083825	0.5779134083539958	0.6347510967003623	0.6873927140949838	0.6437154300972725	0.6486744230402441	0.662979210375739	0.9570856379935152	1.0
