,F53H1.1c.1,ENSSDAT00000011770,F53H1.1e.1,FBtr0074011,F53H1.1d.1,F53H1.1a.1,F53H1.1b.1
F53H1.1c.1,1.0,0.47150259067357514,0.7553858740114535,0.3714207799290974,0.9087810199072811,0.9439596400327243,0.8527406599400055
ENSSDAT00000011770,0.47150259067357514,1.0,0.6059449140987183,0.18857376602127074,0.5036814835014999,0.4154622307062994,0.44764112353422414
F53H1.1e.1,0.7553858740114535,0.6059449140987183,1.0,0.4674120534496864,0.6666212162530679,0.6993455140441778,0.6105808562857922
FBtr0074011,0.3714207799290974,0.18857376602127074,0.4674120534496864,1.0,0.3980092718843742,0.31538041996182165,0.34196891191709844
F53H1.1d.1,0.9087810199072811,0.5036814835014999,0.6666212162530679,0.3980092718843742,1.0,0.8527406599400055,0.9439596400327243
F53H1.1a.1,0.9439596400327243,0.4154622307062994,0.6993455140441778,0.31538041996182165,0.8527406599400055,1.0,0.9087810199072811
F53H1.1b.1,0.8527406599400055,0.44764112353422414,0.6105808562857922,0.34196891191709844,0.9439596400327243,0.9087810199072811,1.0
