	ENSECRT00000003436	ENSIPUT00000031382	ENSIPUT00000031402	ENSIPUT00000031410	ENSXETT00000019832	ENSXETT00000019759	ENSEEET00000049207	ENSECRT00000003449	ENSXETT00000019752
ENSECRT00000003436	1.0	0.7851662404092071	0.6464194373401535	0.6713554987212276	0.6777493606138107	0.5933503836317136	0.7531969309462916	0.9443734015345268	0.7007672634271099
ENSIPUT00000031382	0.7851662404092071	1.0	0.8235294117647058	0.8484654731457799	0.6611253196930946	0.5773657289002557	0.8523017902813299	0.7448849104859335	0.6847826086956522
ENSIPUT00000031402	0.6464194373401535	0.8235294117647058	1.0	0.9635549872122762	0.6809462915601023	0.4386189258312021	0.6943734015345269	0.7020460358056266	0.5460358056265985
ENSIPUT00000031410	0.6713554987212276	0.8484654731457799	0.9635549872122762	1.0	0.7058823529411765	0.4635549872122762	0.7193094629156009	0.7269820971867008	0.5709718670076727
ENSXETT00000019832	0.6777493606138107	0.6611253196930946	0.6809462915601023	0.7058823529411765	1.0	0.6572890025575447	0.6329923273657289	0.637468030690537	0.7647058823529411
ENSXETT00000019759	0.5933503836317136	0.5773657289002557	0.4386189258312021	0.4635549872122762	0.6572890025575447	1.0	0.5581841432225064	0.55306905370844	0.8337595907928389
ENSEEET00000049207	0.7531969309462916	0.8523017902813299	0.6943734015345269	0.7193094629156009	0.6329923273657289	0.5581841432225064	1.0	0.7097186700767263	0.6656010230179028
ENSECRT00000003449	0.9443734015345268	0.7448849104859335	0.7020460358056266	0.7269820971867008	0.637468030690537	0.55306905370844	0.7097186700767263	1.0	0.6604859335038363
ENSXETT00000019752	0.7007672634271099	0.6847826086956522	0.5460358056265985	0.5709718670076727	0.7647058823529411	0.8337595907928389	0.6656010230179028	0.6604859335038363	1.0
