,T26E3.5.1,F15A4.2.1,W04A8.5.1,T26E3.8.1,W04A8.3.1,Y46G5A.8.1,C47D12.4.1,Y46G5A.7.1,Y46G5A.39.1
T26E3.5.1,1.0,0.5411670663469225,0.5523581135091926,0.6370903277378097,0.4836131095123901,0.5731414868105515,0.48920863309352525,0.5139888089528377,0.5251798561151079
F15A4.2.1,0.5411670663469225,1.0,0.5099920063948841,0.521982414068745,0.3852917665867306,0.530775379696243,0.6858513189448441,0.709832134292566,0.6970423661071143
W04A8.5.1,0.5523581135091926,0.5099920063948841,1.0,0.4836131095123901,0.5411670663469225,0.46682653876898483,0.463629096722622,0.4836131095123901,0.49720223820943243
T26E3.8.1,0.6370903277378097,0.521982414068745,0.4836131095123901,1.0,0.3852917665867306,0.48920863309352525,0.5019984012789768,0.5291766586730615,0.518784972022382
W04A8.3.1,0.4836131095123901,0.3852917665867306,0.5411670663469225,0.3852917665867306,1.0,0.41167066346922465,0.32533972821742607,0.3477218225419665,0.3677058353317346
Y46G5A.8.1,0.5731414868105515,0.530775379696243,0.46682653876898483,0.48920863309352525,0.41167066346922465,1.0,0.48760991207034365,0.5051958433253397,0.5115907274180655
C47D12.4.1,0.48920863309352525,0.6858513189448441,0.463629096722622,0.5019984012789768,0.32533972821742607,0.48760991207034365,1.0,0.8760991207034372,0.7657873701039168
Y46G5A.7.1,0.5139888089528377,0.709832134292566,0.4836131095123901,0.5291766586730615,0.3477218225419665,0.5051958433253397,0.8760991207034372,1.0,0.8097521982414069
Y46G5A.39.1,0.5251798561151079,0.6970423661071143,0.49720223820943243,0.518784972022382,0.3677058353317346,0.5115907274180655,0.7657873701039168,0.8097521982414069,1.0
