	ENSMLET00000062390	ENSCSAT00000014658	ENSRROT00000041160	ENSPANT00000028652	ENSTGET00000042171	ENSMFAT00000065622	ENSRBIT00000032804	ENSMLET00000025971
ENSMLET00000062390	1.0	0.8636363636363636	0.945887445887446	0.9610389610389609	0.8831168831168831	0.9545454545454546	0.945887445887446	0.9545454545454546
ENSCSAT00000014658	0.8636363636363636	1.0	0.8549783549783551	0.8831168831168831	0.816017316017316	0.8722943722943723	0.8593073593073594	0.8874458874458875
ENSRROT00000041160	0.945887445887446	0.8549783549783551	1.0	0.945887445887446	0.8744588744588745	0.9480519480519479	0.9740259740259741	0.9437229437229436
ENSPANT00000028652	0.9610389610389609	0.8831168831168831	0.945887445887446	1.0	0.9134199134199136	0.9761904761904762	0.9502164502164502	0.9805194805194806
ENSTGET00000042171	0.8831168831168831	0.816017316017316	0.8744588744588745	0.9134199134199136	1.0	0.8961038961038961	0.8787878787878788	0.9177489177489178
ENSMFAT00000065622	0.9545454545454546	0.8722943722943723	0.9480519480519479	0.9761904761904762	0.8961038961038961	1.0	0.9480519480519479	0.9653679653679652
ENSRBIT00000032804	0.945887445887446	0.8593073593073594	0.9740259740259741	0.9502164502164502	0.8787878787878788	0.9480519480519479	1.0	0.9480519480519479
ENSMLET00000025971	0.9545454545454546	0.8874458874458875	0.9437229437229436	0.9805194805194806	0.9177489177489178	0.9653679653679652	0.9480519480519479	1.0
