	ENSGGOT00000016580	ENSGGOT00000026098	ENSMSIT00000010027	ENSCATT00000034742	ENSPANT00000026057	ENSVVUT00000038364	ENSMSIT00000010039	ENSLAFT00000003148
ENSGGOT00000016580	1.0	0.7576142131979695	0.35025380710659904	0.7385786802030457	0.7144670050761421	0.6218274111675127	0.700507614213198	0.6484771573604061
ENSGGOT00000026098	0.7576142131979695	1.0	0.4378172588832488	0.9771573604060914	0.953045685279188	0.7563451776649747	0.9238578680203046	0.8743654822335025
ENSMSIT00000010027	0.35025380710659904	0.4378172588832488	1.0	0.4390862944162437	0.4213197969543148	0.3591370558375635	0.4949238578680203	0.3845177664974619
ENSCATT00000034742	0.7385786802030457	0.9771573604060914	0.4390862944162437	1.0	0.9758883248730964	0.7626903553299492	0.9289340101522844	0.8756345177664975
ENSPANT00000026057	0.7144670050761421	0.953045685279188	0.4213197969543148	0.9758883248730964	1.0	0.7423857868020305	0.9111675126903552	0.8540609137055838
ENSVVUT00000038364	0.6218274111675127	0.7563451776649747	0.3591370558375635	0.7626903553299492	0.7423857868020305	1.0	0.7601522842639594	0.7918781725888325
ENSMSIT00000010039	0.700507614213198	0.9238578680203046	0.4949238578680203	0.9289340101522844	0.9111675126903552	0.7601522842639594	1.0	0.8654822335025381
ENSLAFT00000003148	0.6484771573604061	0.8743654822335025	0.3845177664974619	0.8756345177664975	0.8540609137055838	0.7918781725888325	0.8654822335025381	1.0
