,ENSCINT00000032802,ENSCINT00000036881,ENSCINT00000020987,ENSCINT00000020988,ENSCINT00000032647,ENSCINT00000036794
ENSCINT00000032802,1.0,0.7743445692883895,0.5852059925093633,0.5627340823970037,0.5,0.49812734082397003
ENSCINT00000036881,0.7743445692883895,1.0,0.4859550561797753,0.49906367041198507,0.41198501872659177,0.40355805243445686
ENSCINT00000020987,0.5852059925093633,0.4859550561797753,1.0,0.5823970037453183,0.5646067415730337,0.4503745318352059
ENSCINT00000020988,0.5627340823970037,0.49906367041198507,0.5823970037453183,1.0,0.6479400749063671,0.48220973782771537
ENSCINT00000032647,0.5,0.41198501872659177,0.5646067415730337,0.6479400749063671,1.0,0.39419475655430714
ENSCINT00000036794,0.49812734082397003,0.40355805243445686,0.4503745318352059,0.48220973782771537,0.39419475655430714,1.0
