	ENSPNAT00000012974	ENSAMXT00000043616	ENSEEET00000027296	ENSEEET00000027293	ENSAMXT00000021641	ENSAMXT00000050828	ENSIPUT00000021932
ENSPNAT00000012974	1.0	0.8807106598984772	0.4612037708484409	0.8179840464104423	0.7991298042059464	0.7864394488759971	0.8074691805656272
ENSAMXT00000043616	0.8807106598984772	1.0	0.4546773023930384	0.80891950688905	0.9118926758520668	0.8999274836838289	0.8121827411167513
ENSEEET00000027296	0.4612037708484409	0.4546773023930384	1.0	0.5409717186366932	0.4314720812182742	0.377447425670776	0.4463379260333575
ENSEEET00000027293	0.8179840464104423	0.80891950688905	0.5409717186366932	1.0	0.7324147933284989	0.7168237853517041	0.7831762146482959
ENSAMXT00000021641	0.7991298042059464	0.9118926758520668	0.4314720812182742	0.7324147933284989	1.0	0.8705583756345178	0.7353154459753445
ENSAMXT00000050828	0.7864394488759971	0.8999274836838289	0.377447425670776	0.7168237853517041	0.8705583756345178	1.0	0.7211747643219725
ENSIPUT00000021932	0.8074691805656272	0.8121827411167513	0.4463379260333575	0.7831762146482959	0.7353154459753445	0.7211747643219725	1.0
