	ENSCATT00000063530	ENSMLET00000058428	ENSMFAT00000063050	ENSPTET00000018212	ENSMNET00000004170	ENSPANT00000046279
ENSCATT00000063530	1.0	0.9931506849315068	0.9109589041095891	0.9041095890410958	0.9143835616438356	0.9897260273972602
ENSMLET00000058428	0.9931506849315068	1.0	0.9109589041095891	0.8972602739726028	0.9143835616438356	0.9897260273972602
ENSMFAT00000063050	0.9109589041095891	0.9109589041095891	1.0	0.9623287671232876	0.9965753424657534	0.9143835616438356
ENSPTET00000018212	0.9041095890410958	0.8972602739726028	0.9623287671232876	1.0	0.9657534246575342	0.9006849315068494
ENSMNET00000004170	0.9143835616438356	0.9143835616438356	0.9965753424657534	0.9657534246575342	1.0	0.9178082191780822
ENSPANT00000046279	0.9897260273972602	0.9897260273972602	0.9143835616438356	0.9006849315068494	0.9178082191780822	1.0
