,ENSCABT00000016363,ENSCCNT00000003889,ENSPCIT00000048914,ENSPCIT00000048915,ENSDORT00000023394,ENSCGRT00000003879,ENSGAGT00000011349
ENSCABT00000016363,1.0,0.5961705831157529,0.66,0.6666666666666666,0.6142284569138277,0.6207584830339321,0.9929506545820745
ENSCCNT00000003889,0.5961705831157529,1.0,0.73,0.746031746031746,0.8907815631262525,0.8792415169660679,0.5997993981945837
ENSPCIT00000048914,0.66,0.73,1.0,1.0,0.721,0.7435129740518962,0.654
ENSPCIT00000048915,0.6666666666666666,0.746031746031746,1.0,1.0,0.7965367965367965,0.7532467532467533,0.658008658008658
ENSDORT00000023394,0.6142284569138277,0.8907815631262525,0.721,0.7965367965367965,1.0,0.8512974051896207,0.6082164328657315
ENSCGRT00000003879,0.6207584830339321,0.8792415169660679,0.7435129740518962,0.7532467532467533,0.8512974051896207,1.0,0.6147704590818364
ENSGAGT00000011349,0.9929506545820745,0.5997993981945837,0.654,0.658008658008658,0.6082164328657315,0.6147704590818364,1.0
