	ENSCMIT00000019541	FBtr0329947	FBtr0077942	FBtr0077943	ENSXMAT00000017863	FBtr0343844	ENSCMIT00000019538	FBtr0301010
ENSCMIT00000019541	1.0	0.41208295761947705	0.4688908926961226	0.3841298467087466	0.6564472497745717	0.4688908926961226	0.9404869251578	0.4156898106402165
FBtr0329947	0.41208295761947705	1.0	0.9431920649233544	0.21190261496844	0.503155996393147	0.9431920649233544	0.4084761045987376	0.24526600541027954
FBtr0077942	0.4688908926961226	0.9431920649233544	1.0	0.2687105500450857	0.5545536519386834	1.0	0.4652840396753832	0.30207394048692515
FBtr0077943	0.3841298467087466	0.21190261496844	0.2687105500450857	1.0	0.3859332732191163	0.2687105500450857	0.3841298467087466	0.9540126239855726
ENSXMAT00000017863	0.6564472497745717	0.503155996393147	0.5545536519386834	0.3859332732191163	1.0	0.5545536519386834	0.6537421100090172	0.4238052299368801
FBtr0343844	0.4688908926961226	0.9431920649233544	1.0	0.2687105500450857	0.5545536519386834	1.0	0.4652840396753832	0.30207394048692515
ENSCMIT00000019538	0.9404869251578	0.4084761045987376	0.4652840396753832	0.3841298467087466	0.6537421100090172	0.4652840396753832	1.0	0.4156898106402165
FBtr0301010	0.4156898106402165	0.24526600541027954	0.30207394048692515	0.9540126239855726	0.4238052299368801	0.30207394048692515	0.4156898106402165	1.0
