	ENSPLAT00000010019	ENSFHET00000011715	ENSOMET00000030502	ENSGAFT00000011419	ENSCVAT00000011236	ENSORLT00000029752	ENSXCOT00000021991
ENSPLAT00000010019	1.0	0.7181705809641533	0.6056860321384425	0.7503090234857849	0.6934487021013597	0.6217552533992583	0.9431396786155748
ENSFHET00000011715	0.7181705809641533	1.0	0.5945611866501854	0.6637824474660075	0.6613102595797281	0.6229913473423979	0.7280593325092707
ENSOMET00000030502	0.6056860321384425	0.5945611866501854	1.0	0.7342398022249691	0.4734239802224969	0.8195302843016069	0.6328800988875154
ENSGAFT00000011419	0.7503090234857849	0.6637824474660075	0.7342398022249691	1.0	0.5401730531520396	0.7082818294190358	0.7737948084054388
ENSCVAT00000011236	0.6934487021013597	0.6613102595797281	0.4734239802224969	0.5401730531520396	1.0	0.4783683559950556	0.6860321384425216
ENSORLT00000029752	0.6217552533992583	0.6229913473423979	0.8195302843016069	0.7082818294190358	0.4783683559950556	1.0	0.6489493201483313
ENSXCOT00000021991	0.9431396786155748	0.7280593325092707	0.6328800988875154	0.7737948084054388	0.6860321384425216	0.6489493201483313	1.0
