,ENSVURT00010027540,ENSMEUT00000005493,ENSCABT00000018236,ENSMODT00000020918,ENSOANT00000014740,ENSSHAT00000016929,ENSGAGT00000001683,ENSPCIT00000022052
ENSVURT00010027540,1.0,0.4329896907216495,0.8444236176194939,0.9493908153701968,0.8153701968134958,0.6841611996251171,0.8444236176194939,0.979381443298969
ENSMEUT00000005493,0.4329896907216495,1.0,0.4601686972820993,0.42736644798500467,0.3655107778819119,0.16401124648547327,0.46110590440487353,0.4329896907216495
ENSCABT00000018236,0.8444236176194939,0.4601686972820993,1.0,0.8388003748828491,0.7910028116213683,0.584817244611059,0.9850046860356139,0.8491096532333646
ENSMODT00000020918,0.9493908153701968,0.42736644798500467,0.8388003748828491,1.0,0.8059981255857545,0.6850984067478912,0.8369259606373008,0.9531396438612934
ENSOANT00000014740,0.8153701968134958,0.3655107778819119,0.7910028116213683,0.8059981255857545,1.0,0.5435801312089972,0.7919400187441424,0.8153701968134958
ENSSHAT00000016929,0.6841611996251171,0.16401124648547327,0.584817244611059,0.6850984067478912,0.5435801312089972,1.0,0.584817244611059,0.6850984067478912
ENSGAGT00000001683,0.8444236176194939,0.46110590440487353,0.9850046860356139,0.8369259606373008,0.7919400187441424,0.584817244611059,1.0,0.8491096532333646
ENSPCIT00000022052,0.979381443298969,0.4329896907216495,0.8491096532333646,0.9531396438612934,0.8153701968134958,0.6850984067478912,0.8491096532333646,1.0
