	FBtr0273339	ENSPMAT00000004509	ENSGALT00000015470	ENSEBUT00000009100	ENSEBUT00000009087	H21P03.2.1	FBtr0301167
FBtr0273339	1.0	0.4718628719275551	0.4314359637774903	0.5255498059508409	0.4634540750323415	0.5617723156532989	1.0
ENSPMAT00000004509	0.4718628719275551	1.0	0.703104786545925	0.6316300129366106	0.5772962483829237	0.3952134540750323	0.4718628719275551
ENSGALT00000015470	0.4314359637774903	0.703104786545925	1.0	0.5986416558861578	0.5452781371280725	0.3525226390685641	0.4314359637774903
ENSEBUT00000009100	0.5255498059508409	0.6316300129366106	0.5986416558861578	1.0	0.9379042690815006	0.4417852522639069	0.5255498059508409
ENSEBUT00000009087	0.4634540750323415	0.5772962483829237	0.5452781371280725	0.9379042690815006	1.0	0.37968952134540745	0.4634540750323415
H21P03.2.1	0.5617723156532989	0.3952134540750323	0.3525226390685641	0.4417852522639069	0.37968952134540745	1.0	0.5617723156532989
FBtr0301167	1.0	0.4718628719275551	0.4314359637774903	0.5255498059508409	0.4634540750323415	0.5617723156532989	1.0
