	Y59E9AL.3.1	Y59E9AL.2.1	C04G2.9.1	K08F8.5b.1	K08F8.5a.1	ZK265.3.1	T04A6.4.1	Y69E1A.2.1
Y59E9AL.3.1	1.0	0.9990829894543788	0.8775790921595599	0.3498395231545163	0.3195781751490142	0.5405777166437414	0.7015130674002751	0.8670334708849152
Y59E9AL.2.1	0.9990829894543788	1.0	0.8771205868867492	0.3498395231545163	0.3195781751490142	0.5401192113709308	0.7019715726730857	0.8665749656121046
C04G2.9.1	0.8775790921595599	0.8771205868867492	1.0	0.36909674461256303	0.33883539660706097	0.5612104539202201	0.6758367721228794	0.9055479138010089
K08F8.5b.1	0.3498395231545163	0.3498395231545163	0.36909674461256303	1.0	0.969738651994498	0.303530490600642	0.4392480513525905	0.3713892709766162
K08F8.5a.1	0.3195781751490142	0.3195781751490142	0.33883539660706097	0.969738651994498	1.0	0.2732691425951399	0.4089867033470884	0.34112792297111416
ZK265.3.1	0.5405777166437414	0.5401192113709308	0.5612104539202201	0.303530490600642	0.2732691425951399	1.0	0.6047684548372306	0.5662540119211371
T04A6.4.1	0.7015130674002751	0.7019715726730857	0.6758367721228794	0.4392480513525905	0.4089867033470884	0.6047684548372306	1.0	0.6785878037597433
Y69E1A.2.1	0.8670334708849152	0.8665749656121046	0.9055479138010089	0.3713892709766162	0.34112792297111416	0.5662540119211371	0.6785878037597433	1.0
