	ENSMODT00000073333	ENSUMAT00000018540	ENSSHAT00000018985	ENSMODT00000038988	ENSVURT00010017214	ENSMEUT00000011065	ENSUAMT00000017536	ENSAMET00000021263	ENSNVIT00000023756
ENSMODT00000073333	1.0	0.7566245413779046	0.8654708520179372	0.9225438238891154	0.8662861801875255	0.6110884631064003	0.7545862209539339	0.7598858540562576	0.748471259682022
ENSUMAT00000018540	0.7566245413779046	1.0	0.8344883815735834	0.8259274357929066	0.8381573583367306	0.5960048919690175	0.9963310232368529	0.9857317570322056	0.956379942927028
ENSSHAT00000018985	0.8654708520179372	0.8344883815735834	1.0	0.9412963717896452	0.9661638809620872	0.7056665307786384	0.8340807174887892	0.8348960456583775	0.8332653893192009
ENSMODT00000038988	0.9225438238891154	0.8259274357929066	0.9412963717896452	1.0	0.9425193640440276	0.6860986547085202	0.8238891153689359	0.8291887484712597	0.817774154097024
ENSVURT00010017214	0.8662861801875255	0.8381573583367306	0.9661638809620872	0.9425193640440276	1.0	0.7064818589482267	0.8369343660823482	0.8393803505911129	0.8357113738279658
ENSMEUT00000011065	0.6110884631064003	0.5960048919690175	0.7056665307786384	0.6860986547085202	0.7064818589482267	1.0	0.5939665715450468	0.594374235629841	0.5939665715450468
ENSUAMT00000017536	0.7545862209539339	0.9963310232368529	0.8340807174887892	0.8238891153689359	0.8369343660823482	0.5939665715450468	1.0	0.9853240929474112	0.955972278842234
ENSAMET00000021263	0.7598858540562576	0.9857317570322056	0.8348960456583775	0.8291887484712597	0.8393803505911129	0.594374235629841	0.9853240929474112	1.0	0.9571952710966164
ENSNVIT00000023756	0.748471259682022	0.956379942927028	0.8332653893192009	0.817774154097024	0.8357113738279658	0.5939665715450468	0.955972278842234	0.9571952710966164	1.0
