,ENSPPYT00000017247,ENSMNET00000061176,ENSPTRT00000097290,ENSPPAT00000015122,ENSTGET00000020818,ENSGGOT00000030607,ENSPTET00000020124
ENSPPYT00000017247,1.0,0.2364864864864865,0.9797297297297297,0.9797297297297297,0.9831081081081081,0.9831081081081081,0.9831081081081081
ENSMNET00000061176,0.2364864864864865,1.0,0.22972972972972971,0.22972972972972971,0.2466216216216216,0.23310810810810811,0.2398648648648649
ENSPTRT00000097290,0.9797297297297297,0.22972972972972971,1.0,1.0,0.9695945945945946,0.9695945945945946,0.9695945945945946
ENSPPAT00000015122,0.9797297297297297,0.22972972972972971,1.0,1.0,0.9695945945945946,0.9695945945945946,0.9695945945945946
ENSTGET00000020818,0.9831081081081081,0.2466216216216216,0.9695945945945946,0.9695945945945946,1.0,0.9662162162162162,0.9932432432432432
ENSGGOT00000030607,0.9831081081081081,0.23310810810810811,0.9695945945945946,0.9695945945945946,0.9662162162162162,1.0,0.9662162162162162
ENSPTET00000020124,0.9831081081081081,0.2398648648648649,0.9695945945945946,0.9695945945945946,0.9932432432432432,0.9662162162162162,1.0
