	ENSDORT00000033915	ENSUPAT00010011395	ENSJJAT00000015249	ENSSTOT00000010118	ENSUPAT00010011427	ENSCCNT00000020762	ENSSTOT00000038696	ENSCCNT00000020787
ENSDORT00000033915	1.0	0.8935672514619883	0.8771929824561403	0.7742690058479532	0.776608187134503	0.9064327485380116	0.8900584795321638	0.7801169590643274
ENSUPAT00010011395	0.8935672514619883	1.0	0.9099415204678364	0.8081871345029241	0.8140350877192982	0.9192982456140352	0.9929824561403509	0.7497076023391813
ENSJJAT00000015249	0.8771929824561403	0.9099415204678364	1.0	0.7403508771929824	0.7391812865497076	0.9076023391812864	0.912280701754386	0.7345029239766082
ENSSTOT00000010118	0.7742690058479532	0.8081871345029241	0.7403508771929824	1.0	0.9941520467836256	0.7520467836257311	0.8140350877192982	0.9333333333333332
ENSUPAT00010011427	0.776608187134503	0.8140350877192982	0.7391812865497076	0.9941520467836256	1.0	0.7532163742690059	0.8081871345029241	0.9345029239766082
ENSCCNT00000020762	0.9064327485380116	0.9192982456140352	0.9076023391812864	0.7520467836257311	0.7532163742690059	1.0	0.9169590643274854	0.8175438596491228
ENSSTOT00000038696	0.8900584795321638	0.9929824561403509	0.912280701754386	0.8140350877192982	0.8081871345029241	0.9169590643274854	1.0	0.7485380116959064
ENSCCNT00000020787	0.7801169590643274	0.7497076023391813	0.7345029239766082	0.9333333333333332	0.9345029239766082	0.8175438596491228	0.7485380116959064	1.0
