,ENSXCOT00000002747,ENSTRUT00000053804,ENSPLAT00000021509,ENSNBRT00000021823,ENSAPET00000011863,ENSAOCT00000019914
ENSXCOT00000002747,1.0,0.7608286252354048,0.9905838041431262,0.8342749529190208,0.7269303201506592,0.4896421845574388
ENSTRUT00000053804,0.7608286252354048,1.0,0.7664783427495292,0.7325800376647834,0.7721280602636534,0.455743879472693
ENSPLAT00000021509,0.9905838041431262,0.7664783427495292,1.0,0.8380414312617702,0.7288135593220338,0.487758945386064
ENSNBRT00000021823,0.8342749529190208,0.7325800376647834,0.8380414312617702,1.0,0.7476459510357816,0.4274952919020716
ENSAPET00000011863,0.7269303201506592,0.7721280602636534,0.7288135593220338,0.7476459510357816,1.0,0.4444444444444444
ENSAOCT00000019914,0.4896421845574388,0.455743879472693,0.487758945386064,0.4274952919020716,0.4444444444444444,1.0
