,ENSUPAT00010003098,ENSUPAT00010003109,ENSTSYT00000045623,ENSNVIT00000015862,ENSUAMT00000033729,ENSSTOT00000034575
ENSUPAT00010003098,1.0,0.9375,0.7463235294117647,0.75,0.6617647058823529,0.9264705882352942
ENSUPAT00010003109,0.9375,1.0,0.7132352941176471,0.7132352941176471,0.625,0.9816176470588235
ENSTSYT00000045623,0.7463235294117647,0.7132352941176471,1.0,0.7132352941176471,0.7683823529411765,0.7132352941176471
ENSNVIT00000015862,0.75,0.7132352941176471,0.7132352941176471,1.0,0.6544117647058824,0.7095588235294118
ENSUAMT00000033729,0.6617647058823529,0.625,0.7683823529411765,0.6544117647058824,1.0,0.625
ENSSTOT00000034575,0.9264705882352942,0.9816176470588235,0.7132352941176471,0.7095588235294118,0.625,1.0
