	ENSAMXT00000051399	ENSAMXT00000006611	ENSEEET00000030340	ENSPNAT00000001938	ENSSFOT00015004474	ENSPKIT00000030712	ENSIPUT00000030616	ENSDCDT00000069659	ENSCHAT00000043389
ENSAMXT00000051399	1.0	0.7190067555230966	0.6693445316779258	0.700931166697097	0.6744568194266934	0.6463392368084718	0.6770129633010772	0.6667883878035421	0.6596677012963301
ENSAMXT00000006611	0.7190067555230966	1.0	0.94979003103889	0.9817418294686872	0.5283914551761913	0.9267847361694358	0.9576410443673544	0.947233887164506	0.940113200657294
ENSEEET00000030340	0.6693445316779258	0.94979003103889	1.0	0.9508855212707686	0.5110461931714442	0.9101698009859412	0.9360964031404052	0.9298886251597591	0.9202117947781632
ENSPNAT00000001938	0.700931166697097	0.9817418294686872	0.9508855212707686	1.0	0.5302172722293226	0.926967317874749	0.9607449333576776	0.9479642139857586	0.9417564360051124
ENSSFOT00015004474	0.6744568194266934	0.5283914551761913	0.5110461931714442	0.5302172722293226	1.0	0.5530399853934636	0.5271133832389995	0.5283914551761913	0.5262004747124338
ENSPKIT00000030712	0.6463392368084718	0.9267847361694358	0.9101698009859412	0.926967317874749	0.5530399853934636	1.0	0.926967317874749	0.9293408800438197	0.9267847361694358
ENSIPUT00000030616	0.6770129633010772	0.9576410443673544	0.9360964031404052	0.9607449333576776	0.5271133832389995	0.926967317874749	1.0	0.9406609457732336	0.9340880043819608
ENSDCDT00000069659	0.6667883878035421	0.947233887164506	0.9298886251597591	0.9479642139857586	0.5283914551761913	0.9293408800438197	0.9406609457732336	1.0	0.9523461749132736
ENSCHAT00000043389	0.6596677012963301	0.940113200657294	0.9202117947781632	0.9417564360051124	0.5262004747124338	0.9267847361694358	0.9340880043819608	0.9523461749132736	1.0
