	Y71F9B.6e.1	FBtr0330618	FBtr0330617	FBtr0087678	Y71F9B.6d.1	Y71F9B.6a.1	Y71F9B.6b.1	Y71F9B.6c.1
Y71F9B.6e.1	1.0	0.3081861958266452	0.3242375601926164	0.33483146067415737	0.8487961476725522	0.5434991974317817	0.6234349919743178	0.5752808988764045
FBtr0330618	0.3081861958266452	1.0	0.9614767255216692	0.9720706260032104	0.27223113964687	0.13547351524879614	0.21540930979133235	0.16725521669341892
FBtr0330617	0.3242375601926164	0.9614767255216692	1.0	0.9894060995184591	0.2882825040128412	0.15152487961476724	0.2314606741573033	0.18330658105939
FBtr0087678	0.33483146067415737	0.9720706260032104	0.9894060995184591	1.0	0.298876404494382	0.1621187800963082	0.2420545746388443	0.19390048154093095
Y71F9B.6d.1	0.8487961476725522	0.27223113964687	0.2882825040128412	0.298876404494382	1.0	0.6947030497592296	0.7746388443017657	0.7264847512038524
Y71F9B.6a.1	0.5434991974317817	0.13547351524879614	0.15152487961476724	0.1621187800963082	0.6947030497592296	1.0	0.920064205457464	0.9682182985553772
Y71F9B.6b.1	0.6234349919743178	0.21540930979133235	0.2314606741573033	0.2420545746388443	0.7746388443017657	0.920064205457464	1.0	0.9518459069020868
Y71F9B.6c.1	0.5752808988764045	0.16725521669341892	0.18330658105939	0.19390048154093095	0.7264847512038524	0.9682182985553772	0.9518459069020868	1.0
