	Y94H6A.9a.1	Y94H6A.9c.1	Y94H6A.9b.1	Y94H6A.9d.1	FBtr0088997	FBtr0299995
Y94H6A.9a.1	1.0	0.8166311300639659	0.9232409381663113	0.9289267945984364	0.7690120824449183	0.5344705046197583
Y94H6A.9c.1	0.8166311300639659	1.0	0.8933901918976546	0.7931769722814499	0.7161809997630894	0.7178393745557925
Y94H6A.9b.1	0.9232409381663113	0.8933901918976546	1.0	0.8521677327647477	0.7474532101397773	0.6112295664534471
Y94H6A.9d.1	0.9289267945984364	0.7931769722814499	0.8521677327647477	1.0	0.7341862117981521	0.5735607675906184
FBtr0088997	0.7690120824449183	0.7161809997630894	0.7474532101397773	0.7341862117981521	1.0	0.4598436389481166
FBtr0299995	0.5344705046197583	0.7178393745557925	0.6112295664534471	0.5735607675906184	0.4598436389481166	1.0
