,ENSKMAT00000027227,ENSHBUT00000005877,ENSPNYT00000027105,ENSMZET00005007155,ENSLBET00000018469,ENSACIT00000027112
ENSKMAT00000027227,1.0,0.32391223503161026,0.34957233172182967,0.3287467460022313,0.31721829676459645,0.33246560059501673
ENSHBUT00000005877,0.32391223503161026,1.0,0.9713648196355522,0.9925622908144291,0.4953514317590182,0.6794347341018966
ENSPNYT00000027105,0.34957233172182967,0.9713648196355522,1.0,0.9669021941242097,0.5202677575306806,0.7069542580885088
ENSMZET00005007155,0.3287467460022313,0.9925622908144291,0.9669021941242097,1.0,0.5001859427296392,0.6850130159910748
ENSLBET00000018469,0.31721829676459645,0.4953514317590182,0.5202677575306806,0.5001859427296392,1.0,0.42804016362960207
ENSACIT00000027112,0.33246560059501673,0.6794347341018966,0.7069542580885088,0.6850130159910748,0.42804016362960207,1.0
