,ENSAPET00000000200,ENSAPOT00000029105,ENSAPET00000006587,ENSAPOT00000026793,ENSSPAT00000016482,ENSSPAT00000020961,ENSAPOT00000025767,ENSAOCT00000020714
ENSAPET00000000200,1.0,0.7383512544802867,0.8189964157706093,0.7580645161290323,0.8512544802867383,0.31720430107526876,0.7508960573476703,0.9982078853046595
ENSAPOT00000029105,0.7383512544802867,1.0,0.7974910394265233,0.6469534050179212,0.7724014336917563,0.29032258064516125,0.7365591397849462,0.7383512544802867
ENSAPET00000006587,0.8189964157706093,0.7974910394265233,1.0,0.6774193548387096,0.8530465949820788,0.31720430107526876,0.7670250896057348,0.8189964157706093
ENSAPOT00000026793,0.7580645161290323,0.6469534050179212,0.6774193548387096,1.0,0.7078853046594982,0.22043010752688175,0.6702508960573477,0.7562724014336918
ENSSPAT00000016482,0.8512544802867383,0.7724014336917563,0.8530465949820788,0.7078853046594982,1.0,0.26881720430107525,0.7150537634408602,0.8512544802867383
ENSSPAT00000020961,0.31720430107526876,0.29032258064516125,0.31720430107526876,0.22043010752688175,0.26881720430107525,1.0,0.4032258064516129,0.31720430107526876
ENSAPOT00000025767,0.7508960573476703,0.7365591397849462,0.7670250896057348,0.6702508960573477,0.7150537634408602,0.4032258064516129,1.0,0.7508960573476703
ENSAOCT00000020714,0.9982078853046595,0.7383512544802867,0.8189964157706093,0.7562724014336918,0.8512544802867383,0.31720430107526876,0.7508960573476703,1.0
