	ENSEBUT00000019949	C12D12.5b.1	ENSEBUT00000019913	ENSEBUT00000019884	ENSEBUT00000020005	ENSEBUT00000019929	C12D12.5a.1	ENSEBUT00000000933	ENSEBUT00000019980
ENSEBUT00000019949	1.0	0.7348494473383306	0.9763689493075848	0.9843730148646932	0.95121331469953	0.9847541608436032	0.7392961504256129	0.7331978147630542	1.0
C12D12.5b.1	0.7348494473383306	1.0	0.7432346588743489	0.7352305933172405	0.7565747681361962	0.7348494473383306	0.9862787447592428	0.7752509211027824	0.7348494473383306
ENSEBUT00000019913	0.9763689493075848	0.7432346588743489	1.0	0.9919959344428916	0.9588362342777283	0.9916147884639815	0.7476813619616313	0.7281158683775886	0.9763689493075848
ENSEBUT00000019884	0.9843730148646932	0.7352305933172405	0.9919959344428916	1.0	0.9668402998348368	0.99961885402109	0.739677296404523	0.7331978147630542	0.9843730148646932
ENSEBUT00000020005	0.95121331469953	0.7565747681361962	0.9588362342777283	0.9668402998348368	1.0	0.9664591538559268	0.7702960233769534	0.7663575149282175	0.95121331469953
ENSEBUT00000019929	0.9847541608436032	0.7348494473383306	0.9916147884639815	0.99961885402109	0.9664591538559268	1.0	0.7392961504256129	0.7331978147630542	0.9847541608436032
C12D12.5a.1	0.7392961504256129	0.9862787447592428	0.7476813619616313	0.739677296404523	0.7702960233769534	0.7392961504256129	1.0	0.7889721763435396	0.7392961504256129
ENSEBUT00000000933	0.7331978147630542	0.7752509211027824	0.7281158683775886	0.7331978147630542	0.7663575149282175	0.7331978147630542	0.7889721763435396	1.0	0.7331978147630542
ENSEBUT00000019980	1.0	0.7348494473383306	0.9763689493075848	0.9843730148646932	0.95121331469953	0.9847541608436032	0.7392961504256129	0.7331978147630542	1.0
