,ENSPMJT00000007734,ENSXETT00000021698,ENSSCAT00000010379,ENSSCAT00000010383,ENSGALT00000000410,ENSGALT00000096813,ENSPMJT00000007739
ENSPMJT00000007734,1.0,0.5345204623555139,0.5895032802249297,0.56388628553577,0.8109965635738832,0.6457357075913777,0.9896907216494846
ENSXETT00000021698,0.5345204623555139,1.0,0.35145267104029987,0.33645735707591373,0.612933458294283,0.46735395189003437,0.5398313027179007
ENSSCAT00000010379,0.5895032802249297,0.35145267104029987,1.0,0.971883786316776,0.5895032802249297,0.42236800999687596,0.5795064042486723
ENSSCAT00000010383,0.56388628553577,0.33645735707591373,0.971883786316776,1.0,0.5645110902842861,0.4504842236801,0.5538894095595126
ENSGALT00000000410,0.8109965635738832,0.612933458294283,0.5895032802249297,0.5645110902842861,1.0,0.8197438300531084,0.8181818181818182
ENSGALT00000096813,0.6457357075913777,0.46735395189003437,0.42236800999687596,0.4504842236801,0.8197438300531084,1.0,0.6501093408309904
ENSPMJT00000007739,0.9896907216494846,0.5398313027179007,0.5795064042486723,0.5538894095595126,0.8181818181818182,0.6501093408309904,1.0
