,ENSCSAVT00000018305,ENSCSAVT00000018304,ENSCINT00000003068,ENSCINT00000016095,ENSCSAVT00000018312,ENSCINT00000029665,ENSCSAVT00000018309
ENSCSAVT00000018305,1.0,0.3539192399049882,0.838479809976247,0.714172604908947,0.8155186064924782,0.4861441013460015,0.6912114014251781
ENSCSAVT00000018304,0.3539192399049882,1.0,0.3238321456848773,0.3167062549485352,0.41250989707046715,0.5051464766429137,0.3800475059382422
ENSCINT00000003068,0.838479809976247,0.3238321456848773,1.0,0.8012668250197942,0.8551068883610451,0.5328582739509106,0.6730007917656373
ENSCINT00000016095,0.714172604908947,0.3167062549485352,0.8012668250197942,1.0,0.7624703087885986,0.5091053048297703,0.6357878068091845
ENSCSAVT00000018312,0.8155186064924782,0.41250989707046715,0.8551068883610451,0.7624703087885986,1.0,0.4924782264449723,0.6864608076009501
ENSCINT00000029665,0.4861441013460015,0.5051464766429137,0.5328582739509106,0.5091053048297703,0.4924782264449723,1.0,0.5803642121931908
ENSCSAVT00000018309,0.6912114014251781,0.3800475059382422,0.6730007917656373,0.6357878068091845,0.6864608076009501,0.5803642121931908,1.0
