,ENSPNAT00000039298,ENSIPUT00000008098,ENSAMXT00000033724,ENSEEET00000009168,ENSAMXT00000043660,ENSIPUT00000008112,ENSAMXT00000038922,ENSPNAT00000028731
ENSPNAT00000039298,1.0,0.9132609491277297,0.9307063559838965,0.8559228986214469,0.9136269366841527,0.9098450652677809,0.9215566670733195,0.9868244479687691
ENSIPUT00000008098,0.9132609491277297,1.0,0.9110650237891912,0.8628766621934855,0.8952055630108576,0.9893863608637307,0.9026473099914603,0.9019153348786141
ENSAMXT00000033724,0.9307063559838965,0.9110650237891912,1.0,0.8577528364035623,0.973160912528974,0.9072831523728193,0.9841405392216664,0.9175308039526656
ENSEEET00000009168,0.8559228986214469,0.8628766621934855,0.8577528364035623,1.0,0.8534829815786263,0.8638526290106137,0.851897035500793,0.8427473465902159
ENSAMXT00000043660,0.9136269366841527,0.8952055630108576,0.973160912528974,0.8534829815786263,1.0,0.905819202147127,0.9890203733073075,0.9004513846529218
ENSIPUT00000008112,0.9098450652677809,0.9893863608637307,0.9072831523728193,0.8638526290106137,0.905819202147127,1.0,0.9132609491277297,0.89666951323655
ENSAMXT00000038922,0.9215566670733195,0.9026473099914603,0.9841405392216664,0.851897035500793,0.9890203733073075,0.9132609491277297,1.0,0.9083811150420885
ENSPNAT00000028731,0.9868244479687691,0.9019153348786141,0.9175308039526656,0.8427473465902159,0.9004513846529218,0.89666951323655,0.9083811150420885,1.0
