,ENSPVIT00000038702,ENSEBUT00000024595,ENSSPUT00000003985,ENSSMRT00000018483,ENSSMRT00000018482,ENSABRT00000032174,ENSEBUT00000007113,ENSACAT00000027096,ENSNSUT00000006511
ENSPVIT00000038702,1.0,0.5238858141567142,0.9063501310806874,0.9085348092047771,0.9233906204485872,0.894115933585785,0.6293329449461113,0.6520535974366444,0.8826099621322459
ENSEBUT00000024595,0.5238858141567142,1.0,0.5241771045732595,0.5168948441596272,0.5250509758228954,0.5187882318671716,0.5254879114477133,0.6925429653364404,0.5275269443635304
ENSSPUT00000003985,0.9063501310806874,0.5241771045732595,1.0,0.8942615787940577,0.9080978735799592,0.909845616079231,0.6270026216137489,0.6427323041071948,0.8692106029711623
ENSSMRT00000018483,0.9085348092047771,0.5168948441596272,0.8942615787940577,1.0,0.9822312845907369,0.8887270608796971,0.6488494028546461,0.6353043984852899,0.8744538304689776
ENSSMRT00000018482,0.9233906204485872,0.5250509758228954,0.9080978735799592,0.9822312845907369,1.0,0.9016894844159627,0.6313719778619283,0.6500145645208273,0.8863967375473347
ENSABRT00000032174,0.894115933585785,0.5187882318671716,0.909845616079231,0.8887270608796971,0.9016894844159627,1.0,0.636906495776289,0.6383629478590155,0.8518788231867171
ENSEBUT00000007113,0.6293329449461113,0.5254879114477133,0.6270026216137489,0.6488494028546461,0.6313719778619283,0.636906495776289,1.0,0.5313137197786193,0.6154966501602097
ENSACAT00000027096,0.6520535974366444,0.6925429653364404,0.6427323041071948,0.6353043984852899,0.6500145645208273,0.6383629478590155,0.5313137197786193,1.0,0.6163705214098456
ENSNSUT00000006511,0.8826099621322459,0.5275269443635304,0.8692106029711623,0.8744538304689776,0.8863967375473347,0.8518788231867171,0.6154966501602097,0.6163705214098456,1.0
