	FBtr0301602	ENSCINT00000009714	ENSCSAVT00000017957	FBtr0078290	FBtr0111038	FBtr0078289
FBtr0301602	1.0	0.1312387497954508	0.28555064637538863	0.9320896743577156	0.9826542300769104	0.9261986581574212
ENSCINT00000009714	0.1312387497954508	1.0	0.8075601374570447	0.08558337424316809	0.14302078219603984	0.07969235804287345
ENSCSAVT00000017957	0.28555064637538863	0.8075601374570447	1.0	0.2398952708231059	0.29045982654230085	0.23400425462281135
FBtr0078290	0.9320896743577156	0.08558337424316809	0.2398952708231059	1.0	0.9369988545246276	0.8805432826051383
FBtr0111038	0.9826542300769104	0.14302078219603984	0.29045982654230085	0.9369988545246276	1.0	0.9311078383243332
FBtr0078289	0.9261986581574212	0.07969235804287345	0.23400425462281135	0.8805432826051383	0.9311078383243332	1.0
