,ENSCSAVT00000016043,FBtr0081919,FBtr0079834,FBtr0079835,FBtr0333040,FBtr0273239,FBtr0073694,ENSCINT00000023770
ENSCSAVT00000016043,1.0,0.7204938271604938,0.4118518518518519,0.4118518518518519,0.5387654320987655,0.5624691358024692,0.6251851851851852,0.8118518518518518
FBtr0081919,0.7204938271604938,1.0,0.3916049382716049,0.3916049382716049,0.46617283950617283,0.4898765432098766,0.6034567901234568,0.7249382716049383
FBtr0079834,0.4118518518518519,0.3916049382716049,1.0,1.0,0.19506172839506175,0.21876543209876542,0.49037037037037035,0.43259259259259264
FBtr0079835,0.4118518518518519,0.3916049382716049,1.0,1.0,0.19506172839506175,0.21876543209876542,0.49037037037037035,0.43259259259259264
FBtr0333040,0.5387654320987655,0.46617283950617283,0.19506172839506175,0.19506172839506175,1.0,0.9762962962962963,0.4103703703703704,0.48691358024691356
FBtr0273239,0.5624691358024692,0.4898765432098766,0.21876543209876542,0.21876543209876542,0.9762962962962963,1.0,0.43407407407407406,0.5106172839506172
FBtr0073694,0.6251851851851852,0.6034567901234568,0.49037037037037035,0.49037037037037035,0.4103703703703704,0.43407407407407406,1.0,0.6390123456790123
ENSCINT00000023770,0.8118518518518518,0.7249382716049383,0.43259259259259264,0.43259259259259264,0.48691358024691356,0.5106172839506172,0.6390123456790123,1.0
