,ENSPCIT00000065504,ENSPCIT00000024030,R10F2.5.1,ENSMODT00000075037,ENSVURT00010004352,ENSMODT00000022600,FBtr0088019,ENSVURT00010004335,ENSPCIT00000053516
ENSPCIT00000065504,1.0,0.9847405900305188,0.46998982706002035,0.9328585961342828,0.9608341810783316,0.948118006103764,0.12817904374364186,0.9760935910478128,0.9313326551373347
ENSPCIT00000024030,0.9847405900305188,1.0,0.4547304170905392,0.948118006103764,0.9760935910478128,0.9328585961342828,0.1129196337741607,0.9608341810783316,0.9160732451678535
R10F2.5.1,0.46998982706002035,0.4547304170905392,1.0,0.4547304170905392,0.45574771108850465,0.46998982706002035,0.4069175991861649,0.4710071210579858,0.44608341810783314
ENSMODT00000075037,0.9328585961342828,0.948118006103764,0.4547304170905392,1.0,0.9465920651068158,0.9847405900305188,0.10935910478128175,0.9313326551373347,0.8682604272634792
ENSVURT00010004352,0.9608341810783316,0.9760935910478128,0.45574771108850465,0.9465920651068158,1.0,0.9313326551373347,0.11393692777212616,0.9847405900305188,0.8947100712105799
ENSMODT00000022600,0.948118006103764,0.9328585961342828,0.46998982706002035,0.9847405900305188,0.9313326551373347,1.0,0.12461851475076302,0.9465920651068158,0.8835198372329603
FBtr0088019,0.12817904374364186,0.1129196337741607,0.4069175991861649,0.10935910478128175,0.11393692777212616,0.12461851475076302,1.0,0.12919633774160733,0.12614445574771105
ENSVURT00010004335,0.9760935910478128,0.9608341810783316,0.4710071210579858,0.9313326551373347,0.9847405900305188,0.9465920651068158,0.12919633774160733,1.0,0.909969481180061
ENSPCIT00000053516,0.9313326551373347,0.9160732451678535,0.44608341810783314,0.8682604272634792,0.8947100712105799,0.8835198372329603,0.12614445574771105,0.909969481180061,1.0
