	ENSDCDT00000063843	ENSCHAT00000016781	ENSCHAT00000016697	ENSAMXT00000043775	ENSCHAT00000016733	ENSCHAT00000016655
ENSDCDT00000063843	1.0	0.7030033370411568	0.771412680756396	0.8014460511679644	0.7430478309232479	0.835928809788654
ENSCHAT00000016781	0.7030033370411568	1.0	0.871523915461624	0.6557285873192435	0.8431590656284761	0.8464961067853171
ENSCHAT00000016697	0.771412680756396	0.871523915461624	1.0	0.7224694104560623	0.9160177975528364	0.9193548387096774
ENSAMXT00000043775	0.8014460511679644	0.6557285873192435	0.7224694104560623	1.0	0.6941045606229144	0.7903225806451613
ENSCHAT00000016733	0.7430478309232479	0.8431590656284761	0.9160177975528364	0.6941045606229144	1.0	0.8909899888765295
ENSCHAT00000016655	0.835928809788654	0.8464961067853171	0.9193548387096774	0.7903225806451613	0.8909899888765295	1.0
