,ENSEBUT00000024103,ENSAHAT00000027233,ENSAOWT00000003576,ENSDNVT00000032902,ENSDNVT00000032901,ENSARWT00000006287
ENSEBUT00000024103,1.0,0.22142857142857142,0.22193877551020402,0.18673469387755104,0.18112244897959184,0.22193877551020402
ENSAHAT00000027233,0.22142857142857142,1.0,0.9984693877551021,0.9255102040816326,0.9005102040816326,0.9954081632653061
ENSAOWT00000003576,0.22193877551020402,0.9984693877551021,1.0,0.9270408163265306,0.9020408163265307,0.996938775510204
ENSDNVT00000032902,0.18673469387755104,0.9255102040816326,0.9270408163265306,1.0,0.8959183673469387,0.9260204081632653
ENSDNVT00000032901,0.18112244897959184,0.9005102040816326,0.9020408163265307,0.8959183673469387,1.0,0.9010204081632653
ENSARWT00000006287,0.22193877551020402,0.9954081632653061,0.996938775510204,0.9260204081632653,0.9010204081632653,1.0
