	ENSPVIT00000031579	ENSGAGT00000012416	ENSCABT00000015445	ENSGAGT00000012422	ENSSPUT00000012680	ENSSMRT00000020669
ENSPVIT00000031579	1.0	0.7364620938628159	0.5863847343991748	0.7323362558019598	0.7313047962867457	0.7844249613202682
ENSGAGT00000012416	0.7364620938628159	1.0	0.7684373388344508	0.9504899432697268	0.7251160391954615	0.7189272821041774
ENSCABT00000015445	0.5863847343991748	0.7684373388344508	1.0	0.8179473955647241	0.6111397627643115	0.6070139247034554
ENSGAGT00000012422	0.7323362558019598	0.9504899432697268	0.8179473955647241	1.0	0.7529654461062403	0.7493553378029912
ENSSPUT00000012680	0.7313047962867457	0.7251160391954615	0.6111397627643115	0.7529654461062403	1.0	0.7246003094378546
ENSSMRT00000020669	0.7844249613202682	0.7189272821041774	0.6070139247034554	0.7493553378029912	0.7246003094378546	1.0
