,ENST00000526123,ENST00000420450,ENST00000532141,ENSNLET00000021693,ENSNLET00000045937,ENST00000586933,ENSNLET00000052266,ENST00000589046
ENST00000526123,1.0,0.029073288915808626,0.7831617201695942,0.026650514839491213,0.9921259842519685,0.9582071471835252,0.2961841308298001,0.029073288915808626
ENST00000420450,0.029073288915808626,1.0,0.24046032707450027,0.9848576620230164,0.026650514839491213,0.07086614173228345,0.7244094488188977,1.0
ENST00000532141,0.7831617201695942,0.24046032707450027,1.0,0.2374318594791036,0.7807389460932768,0.824954572986069,0.5057540884312538,0.24046032707450027
ENSNLET00000021693,0.026650514839491213,0.9848576620230164,0.2374318594791036,1.0,0.029073288915808626,0.06844336765596604,0.7304663840096911,0.9848576620230164
ENSNLET00000045937,0.9921259842519685,0.026650514839491213,0.7807389460932768,0.029073288915808626,1.0,0.952755905511811,0.2937613567534827,0.026650514839491213
ENST00000586933,0.9582071471835252,0.07086614173228345,0.824954572986069,0.06844336765596604,0.952755905511811,1.0,0.33797698364627493,0.07086614173228345
ENSNLET00000052266,0.2961841308298001,0.7244094488188977,0.5057540884312538,0.7304663840096911,0.2937613567534827,0.33797698364627493,1.0,0.7244094488188977
ENST00000589046,0.029073288915808626,1.0,0.24046032707450027,0.9848576620230164,0.026650514839491213,0.07086614173228345,0.7244094488188977,1.0
