,ENSPCIT00000029151,ENSMODT00000079407,ENSMODT00000021668,ENSVURT00010020482,ENSMEUT00000001676,ENSSHAT00000019338,ENSPCIT00000029150
ENSPCIT00000029151,1.0,0.9241494701617401,0.9074177356385945,0.8722810931399888,0.762409369771333,0.9431121026213051,0.7099832682654769
ENSMODT00000079407,0.9241494701617401,1.0,0.981037367540435,0.8276631344116007,0.7161182375906302,0.9213608477412158,0.656441717791411
ENSMODT00000021668,0.9074177356385945,0.981037367540435,1.0,0.8109313998884551,0.6993865030674846,0.9046291132180703,0.6397099832682654
ENSVURT00010020482,0.8722810931399888,0.8276631344116007,0.8109313998884551,1.0,0.6547685443390965,0.8371444506413832,0.6982710540992749
ENSMEUT00000001676,0.762409369771333,0.7161182375906302,0.6993865030674846,0.6547685443390965,1.0,0.7378694924707194,0.4807585052983826
ENSSHAT00000019338,0.9431121026213051,0.9213608477412158,0.9046291132180703,0.8371444506413832,0.7378694924707194,1.0,0.664249860568879
ENSPCIT00000029150,0.7099832682654769,0.656441717791411,0.6397099832682654,0.6982710540992749,0.4807585052983826,0.664249860568879,1.0
