	ENSCVAT00000015913	ENSPRNT00000033990	ENSFHET00000032904	ENSCVAT00000009440	ENSOMET00000021162	ENSMALT00000019835
ENSCVAT00000015913	1.0	0.2980524978831498	0.7713801862828111	0.7527519051651143	0.4479254868755291	0.5198983911939035
ENSPRNT00000033990	0.2980524978831498	1.0	0.3319220999153261	0.2548687552921254	0.6519898391193903	0.4987298899237934
ENSFHET00000032904	0.7713801862828111	0.3319220999153261	1.0	0.5774767146486028	0.4809483488569009	0.5825571549534293
ENSCVAT00000009440	0.7527519051651143	0.2548687552921254	0.5774767146486028	1.0	0.3615580016934801	0.38357324301439455
ENSOMET00000021162	0.4479254868755291	0.6519898391193903	0.4809483488569009	0.3615580016934801	1.0	0.6477561388653683
ENSMALT00000019835	0.5198983911939035	0.4987298899237934	0.5825571549534293	0.38357324301439455	0.6477561388653683	1.0
