	ENSGALT00000022724	ENSGALT00000070978	ENSGALT00000099167	ENSCJPT00005005464	ENSABRT00000036172	ENSGALT00000092738	ENSNMET00000018626
ENSGALT00000022724	1.0	1.0	1.0	0.942528735632184	0.8390804597701149	1.0	0.9540229885057472
ENSGALT00000070978	1.0	1.0	1.0	0.942528735632184	0.8390804597701149	1.0	0.9540229885057472
ENSGALT00000099167	1.0	1.0	1.0	0.942528735632184	0.8390804597701149	1.0	0.9540229885057472
ENSCJPT00005005464	0.942528735632184	0.942528735632184	0.942528735632184	1.0	0.7854406130268199	0.942528735632184	0.9042145593869731
ENSABRT00000036172	0.8390804597701149	0.8390804597701149	0.8390804597701149	0.7854406130268199	1.0	0.8390804597701149	0.8467432950191571
ENSGALT00000092738	1.0	1.0	1.0	0.942528735632184	0.8390804597701149	1.0	0.9540229885057472
ENSNMET00000018626	0.9540229885057472	0.9540229885057472	0.9540229885057472	0.9042145593869731	0.8467432950191571	0.9540229885057472	1.0
