	ENSEBUT00000012950	ENSEBUT00000012954	ENSEBUT00000015862	ENSGAGT00000001329	ENSGAGT00000001325	ENSGAGT00000001319	ENSCABT00000028150	ENSEBUT00000015875
ENSEBUT00000012950	1.0	0.63125	0.415625	0.4265625	0.3859375	0.4265625	0.4265625	0.415625
ENSEBUT00000012954	0.63125	1.0	0.7171875	0.7125	0.671875	0.7125	0.7140625	0.7171875
ENSEBUT00000015862	0.415625	0.7171875	1.0	0.7625	0.709375	0.7625	0.759375	1.0
ENSGAGT00000001329	0.4265625	0.7125	0.7625	1.0	0.9390625	1.0	0.99375	0.7625
ENSGAGT00000001325	0.3859375	0.671875	0.709375	0.9390625	1.0	0.9390625	0.9328125	0.709375
ENSGAGT00000001319	0.4265625	0.7125	0.7625	1.0	0.9390625	1.0	0.99375	0.7625
ENSCABT00000028150	0.4265625	0.7140625	0.759375	0.99375	0.9328125	0.99375	1.0	0.759375
ENSEBUT00000015875	0.415625	0.7171875	1.0	0.7625	0.709375	0.7625	0.759375	1.0
