,ENSPPAT00000052116,ENST00000339737,ENST00000454650,ENST00000356714,ENST00000343985,ENST00000397046,ENSPTRT00000034833,ENSPTRT00000100523,ENST00000397048
ENSPPAT00000052116,1.0,0.8667820069204152,0.25086505190311414,0.8667820069204152,0.986159169550173,0.8667820069204152,0.9186851211072664,0.9930795847750865,0.986159169550173
ENST00000339737,0.8667820069204152,1.0,0.3771626297577855,1.0,0.8806228373702422,1.0,0.8166089965397924,0.8737024221453287,0.8806228373702422
ENST00000454650,0.25086505190311414,0.3771626297577855,1.0,0.3771626297577855,0.25778546712802775,0.3771626297577855,0.20069204152249132,0.25778546712802775,0.25778546712802775
ENST00000356714,0.8667820069204152,1.0,0.3771626297577855,1.0,0.8806228373702422,1.0,0.8166089965397924,0.8737024221453287,0.8806228373702422
ENST00000343985,0.986159169550173,0.8806228373702422,0.25778546712802775,0.8806228373702422,1.0,0.8806228373702422,0.9186851211072664,0.9930795847750865,1.0
ENST00000397046,0.8667820069204152,1.0,0.3771626297577855,1.0,0.8806228373702422,1.0,0.8166089965397924,0.8737024221453287,0.8806228373702422
ENSPTRT00000034833,0.9186851211072664,0.8166089965397924,0.20069204152249132,0.8166089965397924,0.9186851211072664,0.8166089965397924,1.0,0.9256055363321799,0.9186851211072664
ENSPTRT00000100523,0.9930795847750865,0.8737024221453287,0.25778546712802775,0.8737024221453287,0.9930795847750865,0.8737024221453287,0.9256055363321799,1.0,0.9930795847750865
ENST00000397048,0.986159169550173,0.8806228373702422,0.25778546712802775,0.8806228373702422,1.0,0.8806228373702422,0.9186851211072664,0.9930795847750865,1.0
