,C36B1.7.1,ENSCINT00000033995,ENSCINT00000033154,FBtr0110910,ENSHHUT00000030024,YOR236W_mRNA,FBtr0083295
C36B1.7.1,1.0,0.6638349514563107,0.6353155339805825,0.5169902912621359,0.4672330097087378,0.47572815533980584,0.5169902912621359
ENSCINT00000033995,0.6638349514563107,1.0,0.8300970873786407,0.5637135922330098,0.479368932038835,0.4811893203883495,0.5637135922330098
ENSCINT00000033154,0.6353155339805825,0.8300970873786407,1.0,0.5716019417475728,0.49089805825242716,0.4769417475728155,0.5716019417475728
FBtr0110910,0.5169902912621359,0.5637135922330098,0.5716019417475728,1.0,0.7263349514563107,0.34283980582524265,1.0
ENSHHUT00000030024,0.4672330097087378,0.479368932038835,0.49089805825242716,0.7263349514563107,1.0,0.3046116504854368,0.7263349514563107
YOR236W_mRNA,0.47572815533980584,0.4811893203883495,0.4769417475728155,0.34283980582524265,0.3046116504854368,1.0,0.34283980582524265
FBtr0083295,0.5169902912621359,0.5637135922330098,0.5716019417475728,1.0,0.7263349514563107,0.34283980582524265,1.0
