	ENSRBIT00000045204	ENSGGOT00000053596	ENSPTRT00000030042	ENSRROT00000044611	ENSNLET00000009771	ENST00000317987	ENSPPYT00000017202	ENSPPAT00000050608
ENSRBIT00000045204	1.0	0.945945945945946	0.945945945945946	0.9922779922779924	0.915057915057915	0.945945945945946	0.9305019305019304	0.945945945945946
ENSGGOT00000053596	0.945945945945946	1.0	0.9845559845559846	0.9382239382239382	0.9498069498069498	0.9845559845559846	0.9613899613899614	0.9845559845559846
ENSPTRT00000030042	0.945945945945946	0.9845559845559846	1.0	0.9382239382239382	0.945945945945946	0.9922779922779924	0.9691119691119692	1.0
ENSRROT00000044611	0.9922779922779924	0.9382239382239382	0.9382239382239382	1.0	0.9111969111969112	0.9382239382239382	0.9227799227799228	0.9382239382239382
ENSNLET00000009771	0.915057915057915	0.9498069498069498	0.945945945945946	0.9111969111969112	1.0	0.945945945945946	0.942084942084942	0.945945945945946
ENST00000317987	0.945945945945946	0.9845559845559846	0.9922779922779924	0.9382239382239382	0.945945945945946	1.0	0.9613899613899614	0.9922779922779924
ENSPPYT00000017202	0.9305019305019304	0.9613899613899614	0.9691119691119692	0.9227799227799228	0.942084942084942	0.9613899613899614	1.0	0.9691119691119692
ENSPPAT00000050608	0.945945945945946	0.9845559845559846	1.0	0.9382239382239382	0.945945945945946	0.9922779922779924	0.9691119691119692	1.0
