,ENSSPAT00000005929,ENSSPAT00000005903,ENSAOCT00000003041,ENSAPOT00000016520,ENSAPET00000003543,ENSAPOT00000016529
ENSSPAT00000005929,1.0,0.9670691547749726,0.9066959385290889,0.8518111964873765,0.9066959385290889,0.884742041712404
ENSSPAT00000005903,0.9670691547749726,1.0,0.9396267837541163,0.8836443468715697,0.9396267837541163,0.8518111964873765
ENSAOCT00000003041,0.9066959385290889,0.9396267837541163,1.0,0.9099890230515917,0.9967069154774972,0.8781558726673985
ENSAPOT00000016520,0.8518111964873765,0.8836443468715697,0.9099890230515917,1.0,0.9099890230515917,0.9670691547749726
ENSAPET00000003543,0.9066959385290889,0.9396267837541163,0.9967069154774972,0.9099890230515917,1.0,0.8781558726673985
ENSAPOT00000016529,0.884742041712404,0.8518111964873765,0.8781558726673985,0.9670691547749726,0.8781558726673985,1.0
