,FBtr0273274,FBtr0273275,F23H12.1.2,F23H12.1.1,FBtr0088362,FBtr0088363,FBtr0339455
FBtr0273274,1.0,0.7691176470588236,0.1352941176470588,0.1352941176470588,0.8985294117647059,0.8705882352941177,0.8985294117647059
FBtr0273275,0.7691176470588236,1.0,0.3058823529411765,0.3058823529411765,0.8705882352941177,0.8985294117647059,0.8705882352941177
F23H12.1.2,0.1352941176470588,0.3058823529411765,1.0,1.0,0.21764705882352942,0.22352941176470587,0.21764705882352942
F23H12.1.1,0.1352941176470588,0.3058823529411765,1.0,1.0,0.21764705882352942,0.22352941176470587,0.21764705882352942
FBtr0088362,0.8985294117647059,0.8705882352941177,0.21764705882352942,0.21764705882352942,1.0,0.7691176470588236,1.0
FBtr0088363,0.8705882352941177,0.8985294117647059,0.22352941176470587,0.22352941176470587,0.7691176470588236,1.0,0.7691176470588236
FBtr0339455,0.8985294117647059,0.8705882352941177,0.21764705882352942,0.21764705882352942,1.0,0.7691176470588236,1.0
