	ENSPKIT00000002025	ENSPKIT00000002063	ENSSFOT00015021210	ENSSFOT00015021222	ENSCINT00000014265	ENSCSAVT00000006492	ENSPKIT00000002038
ENSPKIT00000002025	1.0	0.7465145754119138	0.7046894803548795	0.6438529784537389	0.5652724968314322	0.44106463878327	0.8973384030418251
ENSPKIT00000002063	0.7465145754119138	1.0	0.7515842839036755	0.6856780735107731	0.4980988593155893	0.4512040557667933	0.8491761723700887
ENSSFOT00015021210	0.7046894803548795	0.7515842839036755	1.0	0.8149556400506971	0.5728770595690748	0.43599493029150826	0.788339670468948
ENSSFOT00015021222	0.6438529784537389	0.6856780735107731	0.8149556400506971	1.0	0.523447401774398	0.458808618504436	0.7275031685678074
ENSCINT00000014265	0.5652724968314322	0.4980988593155893	0.5728770595690748	0.523447401774398	1.0	0.5082382762991128	0.6197718631178707
ENSCSAVT00000006492	0.44106463878327	0.4512040557667933	0.43599493029150826	0.458808618504436	0.5082382762991128	1.0	0.4930291508238276
ENSPKIT00000002038	0.8973384030418251	0.8491761723700887	0.788339670468948	0.7275031685678074	0.6197718631178707	0.4930291508238276	1.0
