,ENSMICT00000066583,ENST00000317900,ENSMICT00000058718,ENSPCOT00000041798,ENST00000359758,ENSPTET00000048819,ENSPCOT00000041793,ENSPCOT00000041797,ENSPCOT00000041795,ENSPTET00000048802,ENSMICT00000068515,ENSNLET00000041641,ENSPTET00000048809,ENSPSMT00000006595,ENSPSMT00000006593,ENSPSMT00000006591,ENSMICT00000063077,ENSNLET00000052034,ENST00000361111,ENSNLET00000000523,ENSNLET00000000527,ENSPTET00000048821,ENSPTET00000048822,ENST00000528168,ENSNLET00000043682,ENST00000297498,ENST00000458665,ENSPTET00000048799,ENSPSMT00000006586,ENSPCOT00000041799,ENSMICT00000067116,ENSPTET00000048818,ENST00000398462,ENSNLET00000044466
ENSMICT00000066583,1.0,0.5090673575129534,0.8121761658031088,0.7901554404145078,0.7176165803108808,0.5038860103626943,0.6230569948186528,0.6476683937823834,0.5284974093264249,0.6243523316062176,0.6748704663212435,0.36269430051813467,0.8782383419689119,0.5427461139896373,0.6411917098445595,0.9183937823834197,0.5712435233160622,0.6308290155440415,0.6295336787564767,0.883419689119171,0.5103626943005182,0.6398963730569949,0.36269430051813467,0.35880829015544036,0.7202072538860104,0.6023316062176166,0.6398963730569949,0.7150259067357513,0.7772020725388601,0.40803108808290156,0.711139896373057,0.6010362694300518,0.883419689119171,0.6386010362694301
ENST00000317900,0.5090673575129534,1.0,0.6062176165803109,0.36269430051813467,0.6878238341968912,0.9624352331606217,0.4598445595854923,0.24222797927461137,0.560880829015544,0.7616580310880829,0.24222797927461137,0.36269430051813467,0.5634715025906736,0.8847150259067358,0.24611398963730569,0.5051813471502591,0.8704663212435233,0.7681347150259067,0.788860103626943,0.5699481865284974,0.9740932642487047,0.24222797927461137,0.36269430051813467,0.35880829015544036,0.667098445595855,0.7072538860103627,0.24222797927461137,0.6606217616580311,0.6178756476683938,0.7512953367875648,0.7072538860103627,0.6839378238341969,0.5906735751295337,0.24222797927461137
ENSMICT00000058718,0.8121761658031088,0.6062176165803109,1.0,0.6230569948186528,0.8924870466321243,0.6010362694300518,0.8044041450777202,0.48056994818652843,0.7098445595854922,0.7979274611398963,0.4870466321243523,0.4598445595854923,0.7150259067357513,0.6398963730569949,0.48445595854922274,0.7616580310880829,0.6683937823834197,0.805699481865285,0.8044041450777202,0.7202072538860104,0.6075129533678757,0.4766839378238341,0.4598445595854923,0.455958549222798,0.8950777202072538,0.6994818652849741,0.4740932642487047,0.8886010362694301,0.9222797927461139,0.5051813471502591,0.8989637305699482,0.6981865284974094,0.7176165803108808,0.47538860103626945
ENSPCOT00000041798,0.7901554404145078,0.36269430051813467,0.6230569948186528,1.0,0.5712435233160622,0.36010362694300513,0.8121761658031088,0.6748704663212435,0.711139896373057,0.48056994818652843,0.6476683937823834,0.3613989637305699,0.7344559585492227,0.40025906735751293,0.6541450777202072,0.788860103626943,0.3886010362694301,0.4909326424870466,0.48316062176165797,0.7474093264248705,0.3704663212435233,0.6398963730569949,0.3613989637305699,0.3575129533678756,0.5803108808290155,0.4546632124352332,0.6411917098445595,0.5712435233160622,0.6386010362694301,0.5906735751295337,0.5284974093264249,0.455958549222798,0.7383419689119171,0.6424870466321243
ENST00000359758,0.7176165803108808,0.6878238341968912,0.8924870466321243,0.5712435233160622,1.0,0.6606217616580311,0.7487046632124352,0.4507772020725389,0.6606217616580311,0.8704663212435233,0.4507772020725389,0.43911917098445596,0.7810880829015544,0.5984455958549223,0.455958549222798,0.7150259067357513,0.5867875647668394,0.8782383419689119,0.8989637305699482,0.7875647668393783,0.667098445595855,0.4598445595854923,0.4378238341968912,0.43523316062176165,0.9753886010362695,0.783678756476684,0.4637305699481865,0.9676165803108808,0.8756476683937824,0.4598445595854923,0.8044041450777202,0.7590673575129534,0.8121761658031088,0.4598445595854923
ENSPTET00000048819,0.5038860103626943,0.9624352331606217,0.6010362694300518,0.36010362694300513,0.6606217616580311,1.0,0.45725388601036276,0.24222797927461137,0.5582901554404145,0.788860103626943,0.24222797927461137,0.36269430051813467,0.5906735751295337,0.8769430051813472,0.24611398963730569,0.49740932642487046,0.8626943005181347,0.7577720207253886,0.7616580310880829,0.5595854922279793,0.961139896373057,0.24222797927461137,0.36269430051813467,0.35880829015544036,0.6567357512953368,0.6800518134715026,0.24222797927461137,0.6878238341968912,0.6101036269430051,0.7435233160621761,0.7020725388601037,0.711139896373057,0.5634715025906736,0.24222797927461137
ENSPCOT00000041793,0.6230569948186528,0.4598445595854923,0.8044041450777202,0.8121761658031088,0.7487046632124352,0.45725388601036276,1.0,0.4870466321243523,0.8989637305699482,0.6567357512953368,0.48056994818652843,0.45854922279792754,0.5712435233160622,0.49740932642487046,0.48834196891191706,0.6230569948186528,0.4857512953367875,0.6683937823834197,0.6606217616580311,0.5803108808290155,0.4676165803108808,0.4766839378238341,0.45854922279792754,0.4546632124352332,0.7577720207253886,0.5518134715025906,0.4740932642487047,0.7474093264248705,0.7862694300518135,0.6878238341968912,0.7098445595854922,0.5531088082901554,0.5712435233160622,0.47538860103626945
ENSPCOT00000041797,0.6476683937823834,0.24222797927461137,0.48056994818652843,0.6748704663212435,0.4507772020725389,0.24222797927461137,0.4870466321243523,1.0,0.38601036269430056,0.36269430051813467,0.9676165803108808,0.6761658031088082,0.616580310880829,0.26554404145077726,0.9740932642487047,0.6541450777202072,0.24611398963730569,0.366580310880829,0.36269430051813467,0.6230569948186528,0.24611398963730569,0.9572538860103627,0.6787564766839378,0.6735751295336787,0.455958549222798,0.3341968911917099,0.9572538860103627,0.45336787564766845,0.5038860103626943,0.26554404145077726,0.38601036269430056,0.3380829015544041,0.6178756476683938,0.9572538860103627
ENSPCOT00000041795,0.5284974093264249,0.560880829015544,0.7098445595854922,0.711139896373057,0.6606217616580311,0.5582901554404145,0.8989637305699482,0.38601036269430056,1.0,0.7577720207253886,0.38601036269430056,0.5064766839378239,0.48056994818652843,0.5984455958549223,0.38989637305699487,0.5246113989637305,0.5867875647668394,0.7694300518134715,0.7616580310880829,0.4909326424870466,0.5686528497409327,0.38601036269430056,0.5064766839378239,0.5025906735751295,0.6683937823834197,0.5997409326424871,0.38601036269430056,0.6567357512953368,0.6878238341968912,0.788860103626943,0.810880829015544,0.6010362694300518,0.48316062176165797,0.38601036269430056
ENSPTET00000048802,0.6243523316062176,0.7616580310880829,0.7979274611398963,0.48056994818652843,0.8704663212435233,0.788860103626943,0.6567357512953368,0.36269430051813467,0.7577720207253886,1.0,0.36269430051813467,0.48316062176165797,0.711139896373057,0.6917098445595855,0.366580310880829,0.6178756476683938,0.6826424870466321,0.9676165803108808,0.9715025906735751,0.6800518134715026,0.7577720207253886,0.36269430051813467,0.48316062176165797,0.47927461139896366,0.866580310880829,0.8005181347150259,0.36269430051813467,0.8989637305699482,0.7784974093264249,0.5582901554404145,0.8989637305699482,0.8316062176165803,0.6839378238341969,0.36269430051813467
ENSMICT00000068515,0.6748704663212435,0.24222797927461137,0.4870466321243523,0.6476683937823834,0.4507772020725389,0.24222797927461137,0.48056994818652843,0.9676165803108808,0.38601036269430056,0.36269430051813467,1.0,0.6761658031088082,0.616580310880829,0.26554404145077726,0.961139896373057,0.6411917098445595,0.24611398963730569,0.366580310880829,0.36269430051813467,0.6191709844559585,0.24611398963730569,0.9559585492227979,0.6787564766839378,0.6735751295336787,0.455958549222798,0.3354922279792747,0.9546632124352331,0.45336787564766845,0.5,0.26554404145077726,0.38601036269430056,0.3393782383419689,0.616580310880829,0.9520725388601037
ENSNLET00000041641,0.36269430051813467,0.36269430051813467,0.4598445595854923,0.3613989637305699,0.43911917098445596,0.36269430051813467,0.45854922279792754,0.6761658031088082,0.5064766839378239,0.48316062176165797,0.6761658031088082,1.0,0.34067357512953367,0.38601036269430056,0.6787564766839378,0.3652849740932642,0.366580310880829,0.4870466321243523,0.48316062176165797,0.34585492227979275,0.366580310880829,0.6852331606217616,0.9909326424870466,0.9870466321243523,0.4430051813471503,0.6398963730569949,0.689119170984456,0.4378238341968912,0.4779792746113989,0.38601036269430056,0.5064766839378239,0.6463730569948186,0.34196891191709844,0.6904145077720207
ENSPTET00000048809,0.8782383419689119,0.5634715025906736,0.7150259067357513,0.7344559585492227,0.7810880829015544,0.5906735751295337,0.5712435233160622,0.616580310880829,0.48056994818652843,0.711139896373057,0.616580310880829,0.34067357512953367,1.0,0.49352331606217614,0.6113989637305699,0.8626943005181347,0.48445595854922274,0.6800518134715026,0.6839378238341969,0.9572538860103627,0.5595854922279793,0.6515544041450777,0.34196891191709844,0.33678756476683935,0.7772020725388601,0.6580310880829016,0.6424870466321243,0.8121761658031088,0.7253886010362695,0.36010362694300513,0.6243523316062176,0.6904145077720207,0.9637305699481865,0.6398963730569949
ENSPSMT00000006595,0.5427461139896373,0.8847150259067358,0.6398963730569949,0.40025906735751293,0.5984455958549223,0.8769430051813472,0.49740932642487046,0.26554404145077726,0.5984455958549223,0.6917098445595855,0.26554404145077726,0.38601036269430056,0.49352331606217614,1.0,0.26943005181347157,0.594559585492228,0.9119170984455959,0.6994818652849741,0.6994818652849741,0.5012953367875648,0.8898963730569949,0.26554404145077726,0.38601036269430056,0.38212435233160624,0.5984455958549223,0.6178756476683938,0.26554404145077726,0.5906735751295337,0.7072538860103627,0.7927461139896373,0.7409326424870466,0.6139896373056994,0.5012953367875648,0.26554404145077726
ENSPSMT00000006593,0.6411917098445595,0.24611398963730569,0.48445595854922274,0.6541450777202072,0.455958549222798,0.24611398963730569,0.48834196891191706,0.9740932642487047,0.38989637305699487,0.366580310880829,0.961139896373057,0.6787564766839378,0.6113989637305699,0.26943005181347157,1.0,0.6748704663212435,0.25,0.3704663212435233,0.366580310880829,0.6178756476683938,0.25,0.9507772020725389,0.6813471502590673,0.6761658031088082,0.46113989637305697,0.3380829015544041,0.9507772020725389,0.45854922279792754,0.5103626943005182,0.26943005181347157,0.38989637305699487,0.34196891191709844,0.6126943005181347,0.9507772020725389
ENSPSMT00000006591,0.9183937823834197,0.5051813471502591,0.7616580310880829,0.788860103626943,0.7150259067357513,0.49740932642487046,0.6230569948186528,0.6541450777202072,0.5246113989637305,0.6178756476683938,0.6411917098445595,0.3652849740932642,0.8626943005181347,0.594559585492228,0.6748704663212435,1.0,0.5272020725388601,0.6256476683937824,0.6256476683937824,0.8730569948186528,0.5051813471502591,0.6347150259067358,0.3652849740932642,0.3613989637305699,0.716321243523316,0.5971502590673575,0.6360103626943006,0.7098445595854922,0.8354922279792746,0.40414507772020725,0.667098445595855,0.5932642487046632,0.8717616580310881,0.6373056994818653
ENSMICT00000063077,0.5712435233160622,0.8704663212435233,0.6683937823834197,0.3886010362694301,0.5867875647668394,0.8626943005181347,0.4857512953367875,0.24611398963730569,0.5867875647668394,0.6826424870466321,0.24611398963730569,0.366580310880829,0.48445595854922274,0.9119170984455959,0.25,0.5272020725388601,1.0,0.689119170984456,0.6878238341968912,0.4909326424870466,0.8743523316062176,0.24611398963730569,0.366580310880829,0.36269430051813467,0.5880829015544041,0.6062176165803109,0.24611398963730569,0.5816062176165803,0.6398963730569949,0.7862694300518135,0.7694300518134715,0.6049222797927462,0.48963730569948183,0.24611398963730569
ENSNLET00000052034,0.6308290155440415,0.7681347150259067,0.805699481865285,0.4909326424870466,0.8782383419689119,0.7577720207253886,0.6683937823834197,0.366580310880829,0.7694300518134715,0.9676165803108808,0.366580310880829,0.4870466321243523,0.6800518134715026,0.6994818652849741,0.3704663212435233,0.6256476683937824,0.689119170984456,1.0,0.9792746113989638,0.711139896373057,0.788860103626943,0.366580310880829,0.4870466321243523,0.48316062176165797,0.8989637305699482,0.8069948186528497,0.366580310880829,0.866580310880829,0.7862694300518135,0.5686528497409327,0.9067357512953368,0.8005181347150259,0.6904145077720207,0.366580310880829
ENST00000361111,0.6295336787564767,0.788860103626943,0.8044041450777202,0.48316062176165797,0.8989637305699482,0.7616580310880829,0.6606217616580311,0.36269430051813467,0.7616580310880829,0.9715025906735751,0.36269430051813467,0.48316062176165797,0.6839378238341969,0.6994818652849741,0.366580310880829,0.6256476683937824,0.6878238341968912,0.9792746113989638,1.0,0.6904145077720207,0.7681347150259067,0.36269430051813467,0.48316062176165797,0.47927461139896366,0.8782383419689119,0.8277202072538861,0.36269430051813467,0.8704663212435233,0.7862694300518135,0.560880829015544,0.905440414507772,0.8044041450777202,0.711139896373057,0.36269430051813467
ENSNLET00000000523,0.883419689119171,0.5699481865284974,0.7202072538860104,0.7474093264248705,0.7875647668393783,0.5595854922279793,0.5803108808290155,0.6230569948186528,0.4909326424870466,0.6800518134715026,0.6191709844559585,0.34585492227979275,0.9572538860103627,0.5012953367875648,0.6178756476683938,0.8730569948186528,0.4909326424870466,0.711139896373057,0.6904145077720207,1.0,0.5906735751295337,0.6437823834196891,0.344559585492228,0.34196891191709844,0.8121761658031088,0.6658031088082902,0.6476683937823834,0.7772020725388601,0.7318652849740933,0.3704663212435233,0.6308290155440415,0.6580310880829016,0.9715025906735751,0.655440414507772
ENSNLET00000000527,0.5103626943005182,0.9740932642487047,0.6075129533678757,0.3704663212435233,0.667098445595855,0.961139896373057,0.4676165803108808,0.24611398963730569,0.5686528497409327,0.7577720207253886,0.24611398963730569,0.366580310880829,0.5595854922279793,0.8898963730569949,0.25,0.5051813471502591,0.8743523316062176,0.788860103626943,0.7681347150259067,0.5906735751295337,1.0,0.24611398963730569,0.366580310880829,0.36269430051813467,0.6878238341968912,0.6865284974093264,0.24611398963730569,0.6567357512953368,0.6178756476683938,0.7564766839378239,0.7085492227979274,0.6800518134715026,0.5699481865284974,0.24611398963730569
ENSPTET00000048821,0.6398963730569949,0.24222797927461137,0.4766839378238341,0.6398963730569949,0.4598445595854923,0.24222797927461137,0.4766839378238341,0.9572538860103627,0.38601036269430056,0.36269430051813467,0.9559585492227979,0.6852331606217616,0.6515544041450777,0.26554404145077726,0.9507772020725389,0.6347150259067358,0.24611398963730569,0.366580310880829,0.36269430051813467,0.6437823834196891,0.24611398963730569,1.0,0.6904145077720207,0.6826424870466321,0.4637305699481865,0.33678756476683935,0.9883419689119171,0.4637305699481865,0.49740932642487046,0.26554404145077726,0.38601036269430056,0.34196891191709844,0.6424870466321243,0.9844559585492227
ENSPTET00000048822,0.36269430051813467,0.36269430051813467,0.4598445595854923,0.3613989637305699,0.4378238341968912,0.36269430051813467,0.45854922279792754,0.6787564766839378,0.5064766839378239,0.48316062176165797,0.6787564766839378,0.9909326424870466,0.34196891191709844,0.38601036269430056,0.6813471502590673,0.3652849740932642,0.366580310880829,0.4870466321243523,0.48316062176165797,0.344559585492228,0.366580310880829,0.6904145077720207,1.0,0.9831606217616581,0.4417098445595855,0.6373056994818653,0.6865284974093264,0.43911917098445596,0.4779792746113989,0.38601036269430056,0.5064766839378239,0.6515544041450777,0.34067357512953367,0.6852331606217616
ENST00000528168,0.35880829015544036,0.35880829015544036,0.455958549222798,0.3575129533678756,0.43523316062176165,0.35880829015544036,0.4546632124352332,0.6735751295336787,0.5025906735751295,0.47927461139896366,0.6735751295336787,0.9870466321243523,0.33678756476683935,0.38212435233160624,0.6761658031088082,0.3613989637305699,0.36269430051813467,0.48316062176165797,0.47927461139896366,0.34196891191709844,0.36269430051813467,0.6826424870466321,0.9831606217616581,1.0,0.43911917098445596,0.6515544041450777,0.6865284974093264,0.4339378238341969,0.4740932642487047,0.38212435233160624,0.5025906735751295,0.6373056994818653,0.3380829015544041,0.6852331606217616
ENSNLET00000043682,0.7202072538860104,0.667098445595855,0.8950777202072538,0.5803108808290155,0.9753886010362695,0.6567357512953368,0.7577720207253886,0.455958549222798,0.6683937823834197,0.866580310880829,0.455958549222798,0.4430051813471503,0.7772020725388601,0.5984455958549223,0.46113989637305697,0.716321243523316,0.5880829015544041,0.8989637305699482,0.8782383419689119,0.8121761658031088,0.6878238341968912,0.4637305699481865,0.4417098445595855,0.43911917098445596,1.0,0.7629533678756477,0.4637305699481865,0.9637305699481865,0.8769430051813472,0.4676165803108808,0.805699481865285,0.7551813471502591,0.7875647668393783,0.4676165803108808
ENST00000297498,0.6023316062176166,0.7072538860103627,0.6994818652849741,0.4546632124352332,0.783678756476684,0.6800518134715026,0.5518134715025906,0.3341968911917099,0.5997409326424871,0.8005181347150259,0.3354922279792747,0.6398963730569949,0.6580310880829016,0.6178756476683938,0.3380829015544041,0.5971502590673575,0.6062176165803109,0.8069948186528497,0.8277202072538861,0.6658031088082902,0.6865284974093264,0.33678756476683935,0.6373056994818653,0.6515544041450777,0.7629533678756477,1.0,0.3380829015544041,0.7551813471502591,0.7098445595854922,0.47927461139896366,0.7461139896373057,0.9585492227979274,0.6865284974093264,0.3380829015544041
ENST00000458665,0.6398963730569949,0.24222797927461137,0.4740932642487047,0.6411917098445595,0.4637305699481865,0.24222797927461137,0.4740932642487047,0.9572538860103627,0.38601036269430056,0.36269430051813467,0.9546632124352331,0.689119170984456,0.6424870466321243,0.26554404145077726,0.9507772020725389,0.6360103626943006,0.24611398963730569,0.366580310880829,0.36269430051813467,0.6476683937823834,0.24611398963730569,0.9883419689119171,0.6865284974093264,0.6865284974093264,0.4637305699481865,0.3380829015544041,1.0,0.4598445595854923,0.4948186528497409,0.26554404145077726,0.38601036269430056,0.34067357512953367,0.6515544041450777,0.9909326424870466
ENSPTET00000048799,0.7150259067357513,0.6606217616580311,0.8886010362694301,0.5712435233160622,0.9676165803108808,0.6878238341968912,0.7474093264248705,0.45336787564766845,0.6567357512953368,0.8989637305699482,0.45336787564766845,0.4378238341968912,0.8121761658031088,0.5906735751295337,0.45854922279792754,0.7098445595854922,0.5816062176165803,0.866580310880829,0.8704663212435233,0.7772020725388601,0.6567357512953368,0.4637305699481865,0.43911917098445596,0.4339378238341969,0.9637305699481865,0.7551813471502591,0.4598445595854923,1.0,0.8704663212435233,0.45725388601036276,0.7979274611398963,0.7875647668393783,0.7810880829015544,0.4598445595854923
ENSPSMT00000006586,0.7772020725388601,0.6178756476683938,0.9222797927461139,0.6386010362694301,0.8756476683937824,0.6101036269430051,0.7862694300518135,0.5038860103626943,0.6878238341968912,0.7784974093264249,0.5,0.4779792746113989,0.7253886010362695,0.7072538860103627,0.5103626943005182,0.8354922279792746,0.6398963730569949,0.7862694300518135,0.7862694300518135,0.7318652849740933,0.6178756476683938,0.49740932642487046,0.4779792746113989,0.4740932642487047,0.8769430051813472,0.7098445595854922,0.4948186528497409,0.8704663212435233,1.0,0.5168393782383419,0.8277202072538861,0.7059585492227979,0.7305699481865285,0.4961139896373057
ENSPCOT00000041799,0.40803108808290156,0.7512953367875648,0.5051813471502591,0.5906735751295337,0.4598445595854923,0.7435233160621761,0.6878238341968912,0.26554404145077726,0.788860103626943,0.5582901554404145,0.26554404145077726,0.38601036269430056,0.36010362694300513,0.7927461139896373,0.26943005181347157,0.40414507772020725,0.7862694300518135,0.5686528497409327,0.560880829015544,0.3704663212435233,0.7564766839378239,0.26554404145077726,0.38601036269430056,0.38212435233160624,0.4676165803108808,0.47927461139896366,0.26554404145077726,0.45725388601036276,0.5168393782383419,1.0,0.6062176165803109,0.48056994818652843,0.36269430051813467,0.26554404145077726
ENSMICT00000067116,0.711139896373057,0.7072538860103627,0.8989637305699482,0.5284974093264249,0.8044041450777202,0.7020725388601037,0.7098445595854922,0.38601036269430056,0.810880829015544,0.8989637305699482,0.38601036269430056,0.5064766839378239,0.6243523316062176,0.7409326424870466,0.38989637305699487,0.667098445595855,0.7694300518134715,0.9067357512953368,0.905440414507772,0.6308290155440415,0.7085492227979274,0.38601036269430056,0.5064766839378239,0.5025906735751295,0.805699481865285,0.7461139896373057,0.38601036269430056,0.7979274611398963,0.8277202072538861,0.6062176165803109,1.0,0.7448186528497409,0.6295336787564767,0.38601036269430056
ENSPTET00000048818,0.6010362694300518,0.6839378238341969,0.6981865284974094,0.455958549222798,0.7590673575129534,0.711139896373057,0.5531088082901554,0.3380829015544041,0.6010362694300518,0.8316062176165803,0.3393782383419689,0.6463730569948186,0.6904145077720207,0.6139896373056994,0.34196891191709844,0.5932642487046632,0.6049222797927462,0.8005181347150259,0.8044041450777202,0.6580310880829016,0.6800518134715026,0.34196891191709844,0.6515544041450777,0.6373056994818653,0.7551813471502591,0.9585492227979274,0.34067357512953367,0.7875647668393783,0.7059585492227979,0.48056994818652843,0.7448186528497409,1.0,0.6619170984455959,0.34067357512953367
ENST00000398462,0.883419689119171,0.5906735751295337,0.7176165803108808,0.7383419689119171,0.8121761658031088,0.5634715025906736,0.5712435233160622,0.6178756476683938,0.48316062176165797,0.6839378238341969,0.616580310880829,0.34196891191709844,0.9637305699481865,0.5012953367875648,0.6126943005181347,0.8717616580310881,0.48963730569948183,0.6904145077720207,0.711139896373057,0.9715025906735751,0.5699481865284974,0.6424870466321243,0.34067357512953367,0.3380829015544041,0.7875647668393783,0.6865284974093264,0.6515544041450777,0.7810880829015544,0.7305699481865285,0.36269430051813467,0.6295336787564767,0.6619170984455959,1.0,0.6437823834196891
ENSNLET00000044466,0.6386010362694301,0.24222797927461137,0.47538860103626945,0.6424870466321243,0.4598445595854923,0.24222797927461137,0.47538860103626945,0.9572538860103627,0.38601036269430056,0.36269430051813467,0.9520725388601037,0.6904145077720207,0.6398963730569949,0.26554404145077726,0.9507772020725389,0.6373056994818653,0.24611398963730569,0.366580310880829,0.36269430051813467,0.655440414507772,0.24611398963730569,0.9844559585492227,0.6852331606217616,0.6852331606217616,0.4676165803108808,0.3380829015544041,0.9909326424870466,0.4598445595854923,0.4961139896373057,0.26554404145077726,0.38601036269430056,0.34067357512953367,0.6437823834196891,1.0
