,ENSAHAT00000007835,ENSAOWT00000002803,ENSDNVT00000003601,ENSDNVT00000003605,ENSAOWT00000002774,ENSARWT00000006011
ENSAHAT00000007835,1.0,0.944,0.904,0.8413333333333334,0.944,0.936
ENSAOWT00000002803,0.944,1.0,0.96,0.8,1.0,0.992
ENSDNVT00000003601,0.904,0.96,1.0,0.836,0.96,0.9626666666666667
ENSDNVT00000003605,0.8413333333333334,0.8,0.836,1.0,0.8,0.8026666666666666
ENSAOWT00000002774,0.944,1.0,0.96,0.8,1.0,0.992
ENSARWT00000006011,0.936,0.992,0.9626666666666667,0.8026666666666666,0.992,1.0
