	MGP_SPRETEiJ_T0037626	ENSOANT00000004802	ENSMSIT00000042170	ENSMSIT00000042192	ENSOANT00000018110	ENSMSIT00000042203	ENSMUST00000223689	ENSMSIT00000042202
MGP_SPRETEiJ_T0037626	1.0	0.2853071564281191	0.9898670044331856	0.9585180493983534	0.29797340088663704	0.9575680810639644	0.9901836605446483	0.8423052564914503
ENSOANT00000004802	0.2853071564281191	1.0	0.2815072830905636	0.2587080430652311	0.1842938568714376	0.25775807473084233	0.2824572514249525	0.1960101329955668
ENSMSIT00000042170	0.9898670044331856	0.2815072830905636	1.0	0.968651044965168	0.2948068397720076	0.9677010766307791	0.9914502849905004	0.8518049398353388
ENSMSIT00000042192	0.9585180493983534	0.2587080430652311	0.968651044965168	1.0	0.32615579480683976	0.9990500316656112	0.960101329955668	0.8369221025965801
ENSOANT00000018110	0.29797340088663704	0.1842938568714376	0.2948068397720076	0.32615579480683976	1.0	0.32710576314122863	0.2948068397720076	0.4430018999366687
ENSMSIT00000042203	0.9575680810639644	0.25775807473084233	0.9677010766307791	0.9990500316656112	0.32710576314122863	1.0	0.9591513616212792	0.8359721342621913
ENSMUST00000223689	0.9901836605446483	0.2824572514249525	0.9914502849905004	0.960101329955668	0.2948068397720076	0.9591513616212792	1.0	0.8445218492716909
ENSMSIT00000042202	0.8423052564914503	0.1960101329955668	0.8518049398353388	0.8369221025965801	0.4430018999366687	0.8359721342621913	0.8445218492716909	1.0
