,ENSFDAT00000006570,ENSCPOT00000031182,ENSCPOT00000039542,ENSFDAT00000008399,ENSCPOT00000042963,ENSFDAT00000022797,ENSCLAT00000016083
ENSFDAT00000006570,1.0,0.5366430260047281,0.5334909377462569,0.8786446020488574,0.5311268715524035,0.026004728132387744,0.545311268715524
ENSCPOT00000031182,0.5366430260047281,1.0,0.9093774625689519,0.624113475177305,0.933806146572104,0.3577620173364855,0.9014972419227738
ENSCPOT00000039542,0.5334909377462569,0.9093774625689519,1.0,0.6201733648542159,0.8999211977935382,0.35539795114263195,0.9282899921197794
ENSFDAT00000008399,0.8786446020488574,0.624113475177305,0.6201733648542159,1.0,0.6138691883372734,0.08983451536643028,0.6209613869188337
ENSCPOT00000042963,0.5311268715524035,0.933806146572104,0.8999211977935382,0.6138691883372734,1.0,0.3577620173364855,0.8888888888888888
ENSFDAT00000022797,0.026004728132387744,0.3577620173364855,0.35539795114263195,0.08983451536643028,0.3577620173364855,1.0,0.36249014972419236
ENSCLAT00000016083,0.545311268715524,0.9014972419227738,0.9282899921197794,0.6209613869188337,0.8888888888888888,0.36249014972419236,1.0
