	ENSDNVT00000029977	ENSAOWT00000017982	ENSARWT00000024073	ENSAOWT00000017989	ENSAHAT00000007539	ENSAHAT00000007538
ENSDNVT00000029977	1.0	0.7859589041095891	0.9717465753424658	0.9708904109589042	0.9238013698630136	0.9708904109589042
ENSAOWT00000017982	0.7859589041095891	1.0	0.8099315068493149	0.8107876712328768	0.7602739726027398	0.8090753424657534
ENSARWT00000024073	0.9717465753424658	0.8099315068493149	1.0	0.9991438356164384	0.9486301369863014	0.9974315068493149
ENSAOWT00000017989	0.9708904109589042	0.8107876712328768	0.9991438356164384	1.0	0.9494863013698629	0.9982876712328768
ENSAHAT00000007539	0.9238013698630136	0.7602739726027398	0.9486301369863014	0.9494863013698629	1.0	0.9511986301369864
ENSAHAT00000007538	0.9708904109589042	0.8090753424657534	0.9974315068493149	0.9982876712328768	0.9511986301369864	1.0
