,ENSTGET00000040190,ENSGGOT00000060834,ENSRBIT00000048723,ENSPANT00000053108,ENSRROT00000051124,ENSPTRT00000081664,ENSPTET00000051352
ENSTGET00000040190,1.0,0.7917981072555205,0.4384858044164037,0.943217665615142,0.7917981072555205,0.7949526813880127,0.9369085173501577
ENSGGOT00000060834,0.7917981072555205,1.0,0.2429022082018928,0.8485804416403786,0.6025236593059937,0.9842271293375394,0.8359621451104101
ENSRBIT00000048723,0.4384858044164037,0.2429022082018928,1.0,0.3817034700315458,0.6277602523659306,0.25236593059936907,0.3785488958990536
ENSPANT00000053108,0.943217665615142,0.8485804416403786,0.3817034700315458,1.0,0.7539432176656151,0.8517350157728707,0.9873817034700315
ENSRROT00000051124,0.7917981072555205,0.6025236593059937,0.6277602523659306,0.7539432176656151,1.0,0.6056782334384858,0.7476340694006309
ENSPTRT00000081664,0.7949526813880127,0.9842271293375394,0.25236593059936907,0.8517350157728707,0.6056782334384858,1.0,0.8391167192429022
ENSPTET00000051352,0.9369085173501577,0.8359621451104101,0.3785488958990536,0.9873817034700315,0.7476340694006309,0.8391167192429022,1.0
