,ENSARWT00000011789,ENSAHAT00000031123,ENSARWT00000011782,ENSARWT00000011785,ENSDNVT00000027800,ENSAOWT00000018429,ENSDNVT00000027808
ENSARWT00000011789,1.0,0.26551373346897256,0.33774160732451675,0.27975584944048837,0.3341810783316379,0.17700915564598163,0.9750762970498474
ENSAHAT00000031123,0.26551373346897256,1.0,0.9074262461851476,0.8494404883011191,0.8916581892166836,0.8265513733468972,0.2863682604272635
ENSARWT00000011782,0.33774160732451675,0.9074262461851476,1.0,0.9420142421159715,0.9806714140386572,0.8194303153611394,0.3555442522889115
ENSARWT00000011785,0.27975584944048837,0.8494404883011191,0.9420142421159715,1.0,0.9226856561546287,0.7614445574771109,0.297558494404883
ENSDNVT00000027800,0.3341810783316379,0.8916581892166836,0.9806714140386572,0.9226856561546287,1.0,0.8031536113936928,0.35910478128179046
ENSAOWT00000018429,0.17700915564598163,0.8265513733468972,0.8194303153611394,0.7614445574771109,0.8031536113936928,1.0,0.19735503560529
ENSDNVT00000027808,0.9750762970498474,0.2863682604272635,0.3555442522889115,0.297558494404883,0.35910478128179046,0.19735503560529,1.0
