,ENSPPAT00000037862,ENSPTRT00000096394,ENSPCOT00000041526,ENSPSMT00000030678,ENSOGAT00000004000,ENSPPAT00000037854,ENSPTRT00000033351,ENSMICT00000055021
ENSPPAT00000037862,1.0,1.0,0.905708245243129,0.9023255813953488,0.8887949260042284,0.9661733615221987,0.9661733615221987,0.8942917547568711
ENSPTRT00000096394,1.0,1.0,0.905708245243129,0.9023255813953488,0.8887949260042284,0.9661733615221987,0.9661733615221987,0.8942917547568711
ENSPCOT00000041526,0.905708245243129,0.905708245243129,1.0,0.9809725158562368,0.9420718816067654,0.9378435517970402,0.9378435517970402,0.9720930232558139
ENSPSMT00000030678,0.9023255813953488,0.9023255813953488,0.9809725158562368,1.0,0.9416490486257928,0.9344608879492601,0.9344608879492601,0.9742071881606765
ENSOGAT00000004000,0.8887949260042284,0.8887949260042284,0.9420718816067654,0.9416490486257928,1.0,0.9200845665961945,0.9200845665961945,0.9365750528541226
ENSPPAT00000037854,0.9661733615221987,0.9661733615221987,0.9378435517970402,0.9344608879492601,0.9200845665961945,1.0,1.0,0.9255813953488372
ENSPTRT00000033351,0.9661733615221987,0.9661733615221987,0.9378435517970402,0.9344608879492601,0.9200845665961945,1.0,1.0,0.9255813953488372
ENSMICT00000055021,0.8942917547568711,0.8942917547568711,0.9720930232558139,0.9742071881606765,0.9365750528541226,0.9255813953488372,0.9255813953488372,1.0
