,ENSPTRT00000046072,ENSGGOT00000066737,ENST00000229903,ENST00000373249,ENSGGOT00000016074,ENSPTRT00000033516
ENSPTRT00000046072,1.0,1.0,0.6129032258064516,0.9946236559139785,0.6182795698924731,0.6182795698924731
ENSGGOT00000066737,1.0,1.0,0.6129032258064516,0.9946236559139785,0.6182795698924731,0.6182795698924731
ENST00000229903,0.6129032258064516,0.6129032258064516,1.0,0.6182795698924731,0.992831541218638,0.992831541218638
ENST00000373249,0.9946236559139785,0.9946236559139785,0.6182795698924731,1.0,0.6129032258064516,0.6129032258064516
ENSGGOT00000016074,0.6182795698924731,0.6182795698924731,0.992831541218638,0.6129032258064516,1.0,0.996415770609319
ENSPTRT00000033516,0.6182795698924731,0.6182795698924731,0.992831541218638,0.6129032258064516,0.996415770609319,1.0
