	FBtr0080265	FBtr0300289	FBtr0089024	FBtr0089023	FBtr0079754	FBtr0340261
FBtr0080265	1.0	0.5774016923842707	0.233947237431558	0.267297162767546	0.5774016923842707	0.5774016923842707
FBtr0300289	0.5774016923842707	1.0	0.3877551020408163	0.3877551020408163	1.0	1.0
FBtr0089024	0.233947237431558	0.3877551020408163	1.0	0.5664509706321553	0.3877551020408163	0.3877551020408163
FBtr0089023	0.267297162767546	0.3877551020408163	0.5664509706321553	1.0	0.3877551020408163	0.3877551020408163
FBtr0079754	0.5774016923842707	1.0	0.3877551020408163	0.3877551020408163	1.0	1.0
FBtr0340261	0.5774016923842707	1.0	0.3877551020408163	0.3877551020408163	1.0	1.0
