,ENST00000599604,ENSNLET00000057290,ENSPTRT00000056153,ENSPTET00000003056,ENST00000282282,ENSPPAT00000049509,ENSNLET00000013942,ENST00000597567
ENST00000599604,1.0,0.467930029154519,0.4708454810495627,0.467930029154519,0.4723032069970845,0.4825072886297377,0.467930029154519,0.8206997084548106
ENSNLET00000057290,0.467930029154519,1.0,0.989310009718173,0.9829931972789115,0.9878522837706512,0.18075801749271136,0.3722060252672498,0.5957240038872692
ENSPTRT00000056153,0.4708454810495627,0.989310009718173,1.0,0.9839650145772595,0.9965986394557823,0.18464528668610303,0.3668610301263362,0.6005830903790087
ENSPTET00000003056,0.467930029154519,0.9829931972789115,0.9839650145772595,1.0,0.9825072886297376,0.1788143828960156,0.3649173955296404,0.5932944606413995
ENST00000282282,0.4723032069970845,0.9878522837706512,0.9965986394557823,0.9825072886297376,1.0,0.18221574344023317,0.3654033041788144,0.6020408163265306
ENSPPAT00000049509,0.4825072886297377,0.18075801749271136,0.18464528668610303,0.1788143828960156,0.18221574344023317,1.0,0.8027210884353742,0.33041788143828965
ENSNLET00000013942,0.467930029154519,0.3722060252672498,0.3668610301263362,0.3649173955296404,0.3654033041788144,0.8027210884353742,1.0,0.31584062196307094
ENST00000597567,0.8206997084548106,0.5957240038872692,0.6005830903790087,0.5932944606413995,0.6020408163265306,0.33041788143828965,0.31584062196307094,1.0
