	ENSAMXT00000026805	ENSDCDT00000057238	ENSCHAT00000029812	ENSDCDT00000012577	ENSCHAT00000029940	ENSPKIT00000019954	ENSPKIT00000042693
ENSAMXT00000026805	1.0	0.8801518438177874	0.8747288503253796	0.8801518438177874	0.13123644251626898	0.8335140997830802	0.8416485900216921
ENSDCDT00000057238	0.8801518438177874	1.0	0.9354663774403472	0.9994577006507592	0.14804772234273322	0.8557483731019523	0.8931670281995662
ENSCHAT00000029812	0.8747288503253796	0.9354663774403472	1.0	0.936008676789588	0.1621475054229935	0.8524945770065075	0.8844902386117137
ENSDCDT00000012577	0.8801518438177874	0.9994577006507592	0.936008676789588	1.0	0.14804772234273322	0.8557483731019523	0.8937093275488069
ENSCHAT00000029940	0.13123644251626898	0.14804772234273322	0.1621475054229935	0.14804772234273322	1.0	0.1306941431670282	0.12635574837310193
ENSPKIT00000019954	0.8335140997830802	0.8557483731019523	0.8524945770065075	0.8557483731019523	0.1306941431670282	1.0	0.8362255965292842
ENSPKIT00000042693	0.8416485900216921	0.8931670281995662	0.8844902386117137	0.8937093275488069	0.12635574837310193	0.8362255965292842	1.0
