,ENSDNVT00000021314,ENSARWT00000009431,ENSNPET00000019749,ENSACAT00000008437,ENSAHAT00000008026,ENSPVIT00000015336,ENSSMRT00000035217,ENSAOWT00000019114
ENSDNVT00000021314,1.0,0.9136947218259629,0.7803138373751783,0.7282453637660485,0.9108416547788873,0.7289586305278174,0.7353780313837375,0.7667617689015692
ENSARWT00000009431,0.9136947218259629,1.0,0.818830242510699,0.7082738944365192,0.9893009985734664,0.7039942938659058,0.703281027104137,0.833808844507846
ENSNPET00000019749,0.7803138373751783,0.818830242510699,1.0,0.6440798858773181,0.818830242510699,0.630527817403709,0.6298145506419401,0.7524964336661911
ENSACAT00000008437,0.7282453637660485,0.7082738944365192,0.6440798858773181,1.0,0.7075606276747504,0.8009985734664765,0.7910128388017118,0.6119828815977175
ENSAHAT00000008026,0.9108416547788873,0.9893009985734664,0.818830242510699,0.7075606276747504,1.0,0.7047075606276747,0.703281027104137,0.8395149786019972
ENSPVIT00000015336,0.7289586305278174,0.7039942938659058,0.630527817403709,0.8009985734664765,0.7047075606276747,1.0,0.7853067047075606,0.5898716119828816
ENSSMRT00000035217,0.7353780313837375,0.703281027104137,0.6298145506419401,0.7910128388017118,0.703281027104137,0.7853067047075606,1.0,0.6062767475035663
ENSAOWT00000019114,0.7667617689015692,0.833808844507846,0.7524964336661911,0.6119828815977175,0.8395149786019972,0.5898716119828816,0.6062767475035663,1.0
