	ENSEEET00000046381	FBtr0310520	ENSPNAT00000037787	FBtr0074347	ENSAMXT00000047819	ENSEEET00000046401	ENSAMXT00000019966	ENSEEET00000046404	Y47D3A.21.1
ENSEEET00000046381	1.0	0.3808988764044944	0.8932584269662921	0.3808988764044944	0.9303370786516854	0.9382022471910112	0.8932584269662921	0.9550561797752808	0.301123595505618
FBtr0310520	0.3808988764044944	1.0	0.3382022471910112	1.0	0.3842696629213482	0.3404494382022472	0.3606741573033707	0.34494382022471903	0.650561797752809
ENSPNAT00000037787	0.8932584269662921	0.3382022471910112	1.0	0.3382022471910112	0.8977528089887641	0.9146067415730336	0.903370786516854	0.8932584269662921	0.298876404494382
FBtr0074347	0.3808988764044944	1.0	0.3382022471910112	1.0	0.3842696629213482	0.3404494382022472	0.3606741573033707	0.34494382022471903	0.650561797752809
ENSAMXT00000047819	0.9303370786516854	0.3842696629213482	0.8977528089887641	0.3842696629213482	1.0	0.8797752808988764	0.9595505617977528	0.8865168539325843	0.30561797752808983
ENSEEET00000046401	0.9382022471910112	0.3404494382022472	0.9146067415730336	0.3404494382022472	0.8797752808988764	1.0	0.8865168539325843	0.9382022471910112	0.298876404494382
ENSAMXT00000019966	0.8932584269662921	0.3606741573033707	0.903370786516854	0.3606741573033707	0.9595505617977528	0.8865168539325843	1.0	0.8932584269662921	0.3157303370786517
ENSEEET00000046404	0.9550561797752808	0.34494382022471903	0.8932584269662921	0.34494382022471903	0.8865168539325843	0.9382022471910112	0.8932584269662921	1.0	0.301123595505618
Y47D3A.21.1	0.301123595505618	0.650561797752809	0.298876404494382	0.650561797752809	0.30561797752808983	0.298876404494382	0.3157303370786517	0.301123595505618	1.0
