	ENSAMXT00000007840	ENSDCDT00000059635	ENSECRT00000000106	ENSCHAT00000042084	ENSXETT00000025984	ENSLACT00000021508
ENSAMXT00000007840	1.0	0.7748001880582981	0.6821814762576399	0.7621062529384109	0.6346967559943583	0.5124588622472966
ENSDCDT00000059635	0.7748001880582981	1.0	0.6812411847672779	0.7757404795486601	0.6304654442877292	0.5058768218147626
ENSECRT00000000106	0.6821814762576399	0.6812411847672779	1.0	0.6572637517630465	0.6417489421720733	0.4974141984015045
ENSCHAT00000042084	0.7621062529384109	0.7757404795486601	0.6572637517630465	1.0	0.615420780441937	0.4978843441466855
ENSXETT00000025984	0.6346967559943583	0.6304654442877292	0.6417489421720733	0.615420780441937	1.0	0.4508697696285848
ENSLACT00000021508	0.5124588622472966	0.5058768218147626	0.4974141984015045	0.4978843441466855	0.4508697696285848	1.0
