,FBtr0308597,FBtr0084260,FBtr0301944,FBtr0331930,FBtr0100322,FBtr0290334,FBtr0290335,FBtr0301484
FBtr0308597,1.0,0.775047258979206,0.9499054820415879,0.775047258979206,0.8243856332703213,0.5463137996219282,0.6245746691871455,0.8204158790170132
FBtr0084260,0.775047258979206,1.0,0.7933837429111531,1.0,0.9495274102079395,0.34158790170132325,0.41984877126654063,0.9455576559546314
FBtr0301944,0.9499054820415879,0.7933837429111531,1.0,0.7933837429111531,0.8427221172022684,0.5400756143667297,0.6183364839319471,0.8446124763705104
FBtr0331930,0.775047258979206,1.0,0.7933837429111531,1.0,0.9495274102079395,0.34158790170132325,0.41984877126654063,0.9455576559546314
FBtr0100322,0.8243856332703213,0.9495274102079395,0.8427221172022684,0.9495274102079395,1.0,0.39092627599243857,0.46918714555765595,0.9948960302457467
FBtr0290334,0.5463137996219282,0.34158790170132325,0.5400756143667297,0.34158790170132325,0.39092627599243857,1.0,0.9217391304347826,0.39281663516068055
FBtr0290335,0.6245746691871455,0.41984877126654063,0.6183364839319471,0.41984877126654063,0.46918714555765595,0.9217391304347826,1.0,0.47107750472589793
FBtr0301484,0.8204158790170132,0.9455576559546314,0.8446124763705104,0.9455576559546314,0.9948960302457467,0.39281663516068055,0.47107750472589793,1.0
