	ENSARWT00000003146	ENSAHAT00000027660	ENSAOWT00000024550	ENSNPET00000009198	ENSDNVT00000019795	ENSDNVT00000019797
ENSARWT00000003146	1.0	0.9966680549770928	0.9950020824656394	0.8871303623490212	0.9566847147022074	0.9379425239483548
ENSAHAT00000027660	0.9966680549770928	1.0	0.9975010412328196	0.8862973760932945	0.9566847147022074	0.9379425239483548
ENSAOWT00000024550	0.9950020824656394	0.9975010412328196	1.0	0.8846314035818409	0.9558517284464806	0.937109537692628
ENSNPET00000009198	0.8871303623490212	0.8862973760932945	0.8846314035818409	1.0	0.8817159516867972	0.8633902540608079
ENSDNVT00000019795	0.9566847147022074	0.9566847147022074	0.9558517284464806	0.8817159516867972	1.0	0.9812578092461476
ENSDNVT00000019797	0.9379425239483548	0.9379425239483548	0.937109537692628	0.8633902540608079	0.9812578092461476	1.0
