	ENSPMET00000026705	ENSPLAT00000012131	ENSXCOT00000023143	ENSPRET00000033361	ENSFHET00000020570	ENSXMAT00000014084	ENSGAFT00000018929	ENSPFOT00000012515
ENSPMET00000026705	1.0	0.9966996699669968	0.9082508250825082	0.9623762376237625	0.8402640264026403	0.9471947194719472	0.9465346534653464	0.8712871287128713
ENSPLAT00000012131	0.9966996699669968	1.0	0.9075907590759076	0.9603960396039604	0.8409240924092409	0.9465346534653464	0.945874587458746	0.8719471947194719
ENSXCOT00000023143	0.9082508250825082	0.9075907590759076	1.0	0.9194719471947196	0.8066006600660066	0.9557755775577558	0.9273927392739274	0.8006600660066007
ENSPRET00000033361	0.9623762376237625	0.9603960396039604	0.9194719471947196	1.0	0.8277227722772277	0.941914191419142	0.9405940594059404	0.8521452145214522
ENSFHET00000020570	0.8402640264026403	0.8409240924092409	0.8066006600660066	0.8277227722772277	1.0	0.8382838283828383	0.8402640264026403	0.7366336633663366
ENSXMAT00000014084	0.9471947194719472	0.9465346534653464	0.9557755775577558	0.941914191419142	0.8382838283828383	1.0	0.9663366336633664	0.8396039603960396
ENSGAFT00000018929	0.9465346534653464	0.945874587458746	0.9273927392739274	0.9405940594059404	0.8402640264026403	0.9663366336633664	1.0	0.8382838283828383
ENSPFOT00000012515	0.8712871287128713	0.8719471947194719	0.8006600660066007	0.8521452145214522	0.7366336633663366	0.8396039603960396	0.8382838283828383	1.0
