,ENSPVIT00000010794,ENSSPUT00000004787,ENSGAGT00000013633,ENSNSUT00000018425,ENSSMRT00000011101,ENSCABT00000025378
ENSPVIT00000010794,1.0,0.7491039426523297,0.7455197132616488,0.7598566308243727,0.8064516129032258,0.7526881720430108
ENSSPUT00000004787,0.7491039426523297,1.0,0.8530465949820788,0.7455197132616488,0.7455197132616488,0.8602150537634409
ENSGAGT00000013633,0.7455197132616488,0.8530465949820788,1.0,0.7491039426523297,0.7813620071684588,0.974910394265233
ENSNSUT00000018425,0.7598566308243727,0.7455197132616488,0.7491039426523297,1.0,0.7885304659498208,0.7455197132616488
ENSSMRT00000011101,0.8064516129032258,0.7455197132616488,0.7813620071684588,0.7885304659498208,1.0,0.7813620071684588
ENSCABT00000025378,0.7526881720430108,0.8602150537634409,0.974910394265233,0.7455197132616488,0.7813620071684588,1.0
