	FBtr0087943	F22A3.5.1	FBtr0087945	FBtr0087944	FBtr0339635	FBtr0087942
FBtr0087943	1.0	0.19434628975265025	0.7962308598351001	0.9823321554770318	0.8480565371024735	0.8480565371024735
F22A3.5.1	0.19434628975265025	1.0	0.07773851590106008	0.19552414605418145	0.042402826855123636	0.042402826855123636
FBtr0087945	0.7962308598351001	0.07773851590106008	1.0	0.8138987043580683	0.9477817039654496	0.9477817039654496
FBtr0087944	0.9823321554770318	0.19552414605418145	0.8138987043580683	1.0	0.8303886925795053	0.8303886925795053
FBtr0339635	0.8480565371024735	0.042402826855123636	0.9477817039654496	0.8303886925795053	1.0	1.0
FBtr0087942	0.8480565371024735	0.042402826855123636	0.9477817039654496	0.8303886925795053	1.0	1.0
