	ENSMMOT00000016259	ENSAOCT00000028696	C43G2.5a.1	ENSCINT00000011002	C43G2.5b.1	ENSLCRT00005057447	ENSLCRT00005057450
ENSMMOT00000016259	1.0	0.8973509933774835	0.6360163015792155	0.6428935303107488	0.6423841059602649	0.6495160468670402	0.7218543046357616
ENSAOCT00000028696	0.8973509933774835	1.0	0.6693835965359144	0.6754966887417219	0.6765155374426898	0.6663270504330107	0.7379011716760061
C43G2.5a.1	0.6360163015792155	0.6693835965359144	1.0	0.8117677024961794	0.9617931737137037	0.6681100356597045	0.7315333672949567
ENSCINT00000011002	0.6428935303107488	0.6754966887417219	0.8117677024961794	1.0	0.8064187468160978	0.6665817626082526	0.7366276107997962
C43G2.5b.1	0.6423841059602649	0.6765155374426898	0.9617931737137037	0.8064187468160978	1.0	0.7014773306164035	0.7649006622516556
ENSLCRT00005057447	0.6495160468670402	0.6663270504330107	0.6681100356597045	0.6665817626082526	0.7014773306164035	1.0	0.8433520122261844
ENSLCRT00005057450	0.7218543046357616	0.7379011716760061	0.7315333672949567	0.7366276107997962	0.7649006622516556	0.8433520122261844	1.0
