	ENSCSAVT00000015330	ENSCINT00000026443	FBtr0088210	ENSCSAVT00000015331	FBtr0333066	FBtr0345675
ENSCSAVT00000015330	1.0	0.8641245972073041	0.3646616541353384	0.8979591836734694	0.3646616541353384	0.3646616541353384
ENSCINT00000026443	0.8641245972073041	1.0	0.3705692803437164	0.7824919441460795	0.3705692803437164	0.3705692803437164
FBtr0088210	0.3646616541353384	0.3705692803437164	1.0	0.29377013963480136	1.0	1.0
ENSCSAVT00000015331	0.8979591836734694	0.7824919441460795	0.29377013963480136	1.0	0.29377013963480136	0.29377013963480136
FBtr0333066	0.3646616541353384	0.3705692803437164	1.0	0.29377013963480136	1.0	1.0
FBtr0345675	0.3646616541353384	0.3705692803437164	1.0	0.29377013963480136	1.0	1.0
