,ENSPTET00000034550,ENSPTRT00000101264,ENSPPAT00000026490,ENSPPYT00000015765,ENSGGOT00000024141,ENSMMUT00000098842
ENSPTET00000034550,1.0,0.7101449275362319,0.7101449275362319,0.8768115942028986,0.9251207729468599,0.9033816425120773
ENSPTRT00000101264,0.7101449275362319,1.0,1.0,0.644927536231884,0.7101449275362319,0.7922705314009661
ENSPPAT00000026490,0.7101449275362319,1.0,1.0,0.644927536231884,0.7101449275362319,0.7922705314009661
ENSPPYT00000015765,0.8768115942028986,0.644927536231884,0.644927536231884,1.0,0.9178743961352657,0.8140096618357487
ENSGGOT00000024141,0.9251207729468599,0.7101449275362319,0.7101449275362319,0.9178743961352657,1.0,0.8647342995169082
ENSMMUT00000098842,0.9033816425120773,0.7922705314009661,0.7922705314009661,0.8140096618357487,0.8647342995169082,1.0
