	ENSDORT00000004657	ENSCCNT00000040192	ENSRNOT00000019237	ENSMUST00000026907	ENSMSIT00000040829	ENSMUGT00000006732
ENSDORT00000004657	1.0	0.83601756954612	0.7959980478282089	0.7916056612981942	0.7276720351390923	0.7867252318204002
ENSCCNT00000040192	0.83601756954612	1.0	0.8130795510004879	0.8150317227916056	0.7506100536847242	0.8047828208882382
ENSRNOT00000019237	0.7959980478282089	0.8130795510004879	1.0	0.9243533430941924	0.8589555880917521	0.8882381649585164
ENSMUST00000026907	0.7916056612981942	0.8150317227916056	0.9243533430941924	1.0	0.9238653001464128	0.8887262079062958
ENSMSIT00000040829	0.7276720351390923	0.7506100536847242	0.8589555880917521	0.9238653001464128	1.0	0.8233284529038556
ENSMUGT00000006732	0.7867252318204002	0.8047828208882382	0.8882381649585164	0.8887262079062958	0.8233284529038556	1.0
