,ENSGGOT00000051668,ENSPTRT00000075633,ENSCGOT00000038103,ENSPPYT00000004782,ENSANAT00000041353,ENSPPAT00000024230,ENST00000408930
ENSGGOT00000051668,1.0,0.9990671641791045,0.005130597014925353,0.996268656716418,0.9664179104477612,0.9990671641791045,0.9986007462686567
ENSPTRT00000075633,0.9990671641791045,1.0,0.005130597014925353,0.996268656716418,0.9668843283582089,1.0,0.9990671641791045
ENSCGOT00000038103,0.005130597014925353,0.005130597014925353,1.0,0.005130597014925353,0.0163246268656716,0.005130597014925353,0.005130597014925353
ENSPPYT00000004782,0.996268656716418,0.996268656716418,0.005130597014925353,1.0,0.9668843283582089,0.996268656716418,0.9958022388059702
ENSANAT00000041353,0.9664179104477612,0.9668843283582089,0.0163246268656716,0.9668843283582089,1.0,0.9668843283582089,0.9668843283582089
ENSPPAT00000024230,0.9990671641791045,1.0,0.005130597014925353,0.996268656716418,0.9668843283582089,1.0,0.9990671641791045
ENST00000408930,0.9986007462686567,0.9990671641791045,0.005130597014925353,0.9958022388059702,0.9668843283582089,0.9990671641791045,1.0
