,ENSPTET00000000195,ENSPTET00000015767,ENSPTET00000013731,ENSCINT00000019340,YER017C_mRNA,Y47G6A.10.1
ENSPTET00000000195,1.0,0.8792154163799036,0.3072952512044047,0.4588208304657031,0.7717366368433127,0.6319109887588896
ENSPTET00000015767,0.8792154163799036,1.0,0.2752924982794218,0.42635925671025465,0.7460426703372333,0.6054140857994953
ENSPTET00000013731,0.3072952512044047,0.2752924982794218,1.0,0.4896765313145217,0.3874741913282863,0.38024776324845155
ENSCINT00000019340,0.4588208304657031,0.42635925671025465,0.4896765313145217,1.0,0.5392291810048176,0.5931406285845378
YER017C_mRNA,0.7717366368433127,0.7460426703372333,0.3874741913282863,0.5392291810048176,1.0,0.7270016058729066
Y47G6A.10.1,0.6319109887588896,0.6054140857994953,0.38024776324845155,0.5931406285845378,0.7270016058729066,1.0
