	ENSMUST00000231909	ENSMUST00000235474	ENSCJAT00000109148	ENST00000652479	ENSFCAT00000086822	ENST00000652395
ENSMUST00000231909	1.0	0.6019070321811679	0.4672228843861741	0.4541120381406436	0.46841477949940397	0.4541120381406436
ENSMUST00000235474	0.6019070321811679	1.0	0.7783075089392133	0.7699642431466031	0.7794994040524433	0.7699642431466031
ENSCJAT00000109148	0.4672228843861741	0.7783075089392133	1.0	0.8820023837902264	0.7949940405244339	0.8808104886769964
ENST00000652479	0.4541120381406436	0.7699642431466031	0.8820023837902264	1.0	0.8295589988081049	0.99523241954708
ENSFCAT00000086822	0.46841477949940397	0.7794994040524433	0.7949940405244339	0.8295589988081049	1.0	0.8307508939213349
ENST00000652395	0.4541120381406436	0.7699642431466031	0.8808104886769964	0.99523241954708	0.8307508939213349	1.0
