	F59E11.7b.1	F59E11.6.1	T13F3.6.2	F59E11.7a.1	T13F3.6.1	C54F6.12.1	F59E11.5.1	F59E11.5.2
F59E11.7b.1	1.0	0.3421859039836568	0.4923391215526047	0.7517875383043923	0.4923391215526047	0.4606741573033708	0.4136874361593463	0.4136874361593463
F59E11.6.1	0.3421859039836568	1.0	0.4647599591419816	0.49131767109295205	0.4647599591419816	0.4463738508682329	0.5158324821246171	0.5158324821246171
T13F3.6.2	0.4923391215526047	0.4647599591419816	1.0	0.5781409601634321	1.0	0.634320735444331	0.5035750766087844	0.5035750766087844
F59E11.7a.1	0.7517875383043923	0.49131767109295205	0.5781409601634321	1.0	0.5781409601634321	0.54341164453524	0.5658835546475995	0.5658835546475995
T13F3.6.1	0.4923391215526047	0.4647599591419816	1.0	0.5781409601634321	1.0	0.634320735444331	0.5035750766087844	0.5035750766087844
C54F6.12.1	0.4606741573033708	0.4463738508682329	0.634320735444331	0.54341164453524	0.634320735444331	1.0	0.4954034729315629	0.4954034729315629
F59E11.5.1	0.4136874361593463	0.5158324821246171	0.5035750766087844	0.5658835546475995	0.5035750766087844	0.4954034729315629	1.0	1.0
F59E11.5.2	0.4136874361593463	0.5158324821246171	0.5035750766087844	0.5658835546475995	0.5035750766087844	0.4954034729315629	1.0	1.0
