	MGP_CAROLIEiJ_T0036942	MGP_CAROLIEiJ_T0036943	ENSSDAT00000020104	ENSSDAT00000013189	ENSCCNT00000020836	ENSUAMT00000013784
MGP_CAROLIEiJ_T0036942	1.0	1.0	0.6538882803943045	0.4370208105147864	0.4271631982475356	0.4238773274917853
MGP_CAROLIEiJ_T0036943	1.0	1.0	0.6538882803943045	0.4370208105147864	0.4271631982475356	0.4238773274917853
ENSSDAT00000020104	0.6538882803943045	0.6538882803943045	1.0	0.7831325301204819	0.7327491785323109	0.7349397590361446
ENSSDAT00000013189	0.4370208105147864	0.4370208105147864	0.7831325301204819	1.0	0.8510405257393209	0.8455640744797371
ENSCCNT00000020836	0.4271631982475356	0.4271631982475356	0.7327491785323109	0.8510405257393209	1.0	0.9145673603504928
ENSUAMT00000013784	0.4238773274917853	0.4238773274917853	0.7349397590361446	0.8455640744797371	0.9145673603504928	1.0
