,ENSOPRT00000000032,ENSOCUT00000044086,ENSCPOT00000042252,ENSOCUT00000034149,ENSOCUT00000034085,ENSCLAT00000018501,ENSCLAT00000018502
ENSOPRT00000000032,1.0,0.5346905973747657,0.6573801232252879,0.5233056522903831,0.506697026520225,0.46423787838199837,0.6573801232252879
ENSOCUT00000044086,0.5346905973747657,1.0,0.36324671845700507,0.9875435306723814,0.8853469059737477,0.4032949370479507,0.35949638360567904
ENSCPOT00000042252,0.6573801232252879,0.36324671845700507,1.0,0.3556121082239485,0.3511920707206,0.3892311813554782,0.9559335654969193
ENSOCUT00000034149,0.5233056522903831,0.9875435306723814,0.3556121082239485,1.0,0.8739619608893652,0.39566032681489416,0.3518617733726226
ENSOCUT00000034085,0.506697026520225,0.8853469059737477,0.3511920707206,0.8739619608893652,1.0,0.4109295472810073,0.350656308598982
ENSCLAT00000018501,0.46423787838199837,0.4032949370479507,0.3892311813554782,0.39566032681489416,0.4109295472810073,1.0,0.3675328154299491
ENSCLAT00000018502,0.6573801232252879,0.35949638360567904,0.9559335654969193,0.3518617733726226,0.350656308598982,0.3675328154299491,1.0
