	ENSPVIT00000028093	ENSAOWT00000015405	ENSACAT00000012466	ENSSPUT00000019783	ENSSPUT00000019779	ENSSPUT00000019772
ENSPVIT00000028093	1.0	0.6808743169398908	0.3650273224043716	0.7016393442622951	0.7803278688524591	0.7169398907103826
ENSAOWT00000015405	0.6808743169398908	1.0	0.473224043715847	0.7857923497267759	0.8218579234972677	0.8644808743169399
ENSACAT00000012466	0.3650273224043716	0.473224043715847	1.0	0.4163934426229508	0.4524590163934426	0.4950819672131148
ENSSPUT00000019783	0.7016393442622951	0.7857923497267759	0.4163934426229508	1.0	0.8502732240437159	0.8928961748633879
ENSSPUT00000019779	0.7803278688524591	0.8218579234972677	0.4524590163934426	0.8502732240437159	1.0	0.9289617486338798
ENSSPUT00000019772	0.7169398907103826	0.8644808743169399	0.4950819672131148	0.8928961748633879	0.9289617486338798	1.0
