	ENSOCUT00000015410	ENSOCUT00000041413	ENSDORT00000034529	ENSOCUT00000050154	ENSOCUT00000000910	ENSOCUT00000035096	ENSDORT00000024455
ENSOCUT00000015410	1.0	0.7938871473354232	0.25705329153605017	0.9553291536050156	0.020768025078369945	0.8428683385579937	0.09247648902821316
ENSOCUT00000041413	0.7938871473354232	1.0	0.4498432601880877	0.7492163009404389	0.2135579937304075	0.6367554858934169	0.28526645768025083
ENSDORT00000034529	0.25705329153605017	0.4498432601880877	1.0	0.3017241379310345	0.7057210031347962	0.4036050156739812	0.835423197492163
ENSOCUT00000050154	0.9553291536050156	0.7492163009404389	0.3017241379310345	1.0	0.06543887147335425	0.7981974921630094	0.13714733542319746
ENSOCUT00000000910	0.020768025078369945	0.2135579937304075	0.7057210031347962	0.06543887147335425	1.0	0.17789968652037613	0.8601097178683386
ENSOCUT00000035096	0.8428683385579937	0.6367554858934169	0.4036050156739812	0.7981974921630094	0.17789968652037613	1.0	0.2390282131661442
ENSDORT00000024455	0.09247648902821316	0.28526645768025083	0.835423197492163	0.13714733542319746	0.8601097178683386	0.2390282131661442	1.0
