	ENSDNVT00000028421	ENSAOWT00000021265	ENSARWT00000013750	ENSAHAT00000016853	ENSARWT00000013686	ENSAHAT00000016875	ENSDNVT00000028429	ENSDNVT00000028432
ENSDNVT00000028421	1.0	0.8748945740792803	0.9139724486927184	0.8968231655889795	0.8768625245993815	0.9212819791959516	0.9645768906381782	0.9541748664605004
ENSAOWT00000021265	0.8748945740792803	1.0	0.9311217317964576	0.9755411863930278	0.9873488895136352	0.9493955580545403	0.910317683441102	0.9100365476525162
ENSARWT00000013750	0.9139724486927184	0.9311217317964576	1.0	0.9201574360416078	0.940118077031206	0.959797582232218	0.937587854933933	0.9044138318807984
ENSAHAT00000016853	0.8968231655889795	0.9755411863930278	0.9201574360416078	1.0	0.9763845937587856	0.930559460219286	0.9322462749508011	0.9319651391622154
ENSARWT00000013686	0.8768625245993815	0.9873488895136352	0.940118077031206	0.9763845937587856	1.0	0.9395558054540344	0.9122856339612032	0.9120044981726174
ENSAHAT00000016875	0.9212819791959516	0.9493955580545403	0.959797582232218	0.930559460219286	0.9395558054540344	1.0	0.9389935338768626	0.9243744728703964
ENSDNVT00000028429	0.9645768906381782	0.910317683441102	0.937587854933933	0.9322462749508011	0.9122856339612032	0.9389935338768626	1.0	0.959797582232218
ENSDNVT00000028432	0.9541748664605004	0.9100365476525162	0.9044138318807984	0.9319651391622154	0.9120044981726174	0.9243744728703964	0.959797582232218	1.0
