,ENSMFAT00000064987,ENSPTET00000051768,ENSRROT00000053004,ENSTGET00000039897,ENSPANT00000032328,ENSRBIT00000018594,ENSMLET00000029646
ENSMFAT00000064987,1.0,0.9595959595959596,0.9747474747474747,0.9797979797979798,0.98989898989899,0.9747474747474747,0.98989898989899
ENSPTET00000051768,0.9595959595959596,1.0,0.9797979797979798,0.9494949494949495,0.9595959595959596,0.9797979797979798,0.9595959595959596
ENSRROT00000053004,0.9747474747474747,0.9797979797979798,1.0,0.9646464646464646,0.9747474747474747,1.0,0.9747474747474747
ENSTGET00000039897,0.9797979797979798,0.9494949494949495,0.9646464646464646,1.0,0.98989898989899,0.9646464646464646,0.9797979797979798
ENSPANT00000032328,0.98989898989899,0.9595959595959596,0.9747474747474747,0.98989898989899,1.0,0.9747474747474747,0.98989898989899
ENSRBIT00000018594,0.9747474747474747,0.9797979797979798,1.0,0.9646464646464646,0.9747474747474747,1.0,0.9747474747474747
ENSMLET00000029646,0.98989898989899,0.9595959595959596,0.9747474747474747,0.9797979797979798,0.98989898989899,0.9747474747474747,1.0
