	ENSGGOT00000011700	ENSPSMT00000004990	ENSPPAT00000034727	ENSOGAT00000016908	ENSGGOT00000057563	ENSMICT00000027274	ENSMICT00000030212	ENSPCOT00000035729	ENSPTRT00000021898
ENSGGOT00000011700	1.0	0.9387755102040816	0.9976452119309264	0.9254317111459968	0.8579277864992151	0.9215070643642072	0.9419152276295132	0.9372056514913658	0.9976452119309264
ENSPSMT00000004990	0.9387755102040816	1.0	0.9379905808477236	0.9450549450549449	0.8029827315541601	0.9513343799058084	0.9725274725274724	0.9733124018838304	0.9379905808477236
ENSPPAT00000034727	0.9976452119309264	0.9379905808477236	1.0	0.9254317111459968	0.8555729984301413	0.9207221350078492	0.9411302982731554	0.9364207221350078	0.9976452119309264
ENSOGAT00000016908	0.9254317111459968	0.9450549450549449	0.9254317111459968	1.0	0.7912087912087912	0.9254317111459968	0.9466248037676608	0.9403453689167977	0.9262166405023547
ENSGGOT00000057563	0.8579277864992151	0.8029827315541601	0.8555729984301413	0.7912087912087912	1.0	0.7864992150706437	0.8069073783359497	0.8029827315541601	0.8555729984301413
ENSMICT00000027274	0.9215070643642072	0.9513343799058084	0.9207221350078492	0.9254317111459968	0.7864992150706437	1.0	0.9788069073783359	0.9489795918367347	0.9207221350078492
ENSMICT00000030212	0.9419152276295132	0.9725274725274724	0.9411302982731554	0.9466248037676608	0.8069073783359497	0.9788069073783359	1.0	0.9701726844583988	0.9411302982731554
ENSPCOT00000035729	0.9372056514913658	0.9733124018838304	0.9364207221350078	0.9403453689167977	0.8029827315541601	0.9489795918367347	0.9701726844583988	1.0	0.9364207221350078
ENSPTRT00000021898	0.9976452119309264	0.9379905808477236	0.9976452119309264	0.9262166405023547	0.8555729984301413	0.9207221350078492	0.9411302982731554	0.9364207221350078	1.0
