	ENSDNVT00000006004	ENSAHAT00000012114	ENSARWT00000016526	ENSARWT00000016527	ENSDNVT00000006012	ENSAOWT00000031449	ENSNPET00000017219	ENSAHAT00000012120	ENSAOWT00000031447
ENSDNVT00000006004	1.0	0.4715536105032823	0.4671772428884027	0.8041575492341356	0.5207877461706784	0.8041575492341356	0.6969365426695843	0.8030634573304157	0.4726477024070022
ENSAHAT00000012114	0.4715536105032823	1.0	0.9890590809628008	0.6028446389496718	0.7341356673960613	0.6050328227571116	0.4704595185995624	0.6061269146608315	0.99890590809628
ENSARWT00000016526	0.4671772428884027	0.9890590809628008	1.0	0.5995623632385121	0.7297592997811816	0.5951859956236324	0.4638949671772429	0.5962800875273523	0.9879649890590808
ENSARWT00000016527	0.8041575492341356	0.6028446389496718	0.5995623632385121	1.0	0.5853391684901532	0.9923413566739606	0.7986870897155361	0.9923413566739606	0.6017505470459519
ENSDNVT00000006012	0.5207877461706784	0.7341356673960613	0.7297592997811816	0.5853391684901532	1.0	0.5842450765864332	0.4879649890590809	0.5831509846827133	0.7352297592997812
ENSAOWT00000031449	0.8041575492341356	0.6050328227571116	0.5951859956236324	0.9923413566739606	0.5842450765864332	1.0	0.8008752735229759	0.9978118161925602	0.6061269146608315
ENSNPET00000017219	0.6969365426695843	0.4704595185995624	0.4638949671772429	0.7986870897155361	0.4879649890590809	0.8008752735229759	1.0	0.799781181619256	0.4715536105032823
ENSAHAT00000012120	0.8030634573304157	0.6061269146608315	0.5962800875273523	0.9923413566739606	0.5831509846827133	0.9978118161925602	0.799781181619256	1.0	0.6050328227571116
ENSAOWT00000031447	0.4726477024070022	0.99890590809628	0.9879649890590808	0.6017505470459519	0.7352297592997812	0.6061269146608315	0.4715536105032823	0.6050328227571116	1.0
