	ENSPTET00000012707	ENSUPAT00010023042	ENSPTET00000012638	ENSTGET00000036986	ENSCCNT00000014594	ENSMAUT00000017692
ENSPTET00000012707	1.0	0.6024844720496895	0.8385093167701864	0.906832298136646	0.6190476190476191	0.6045548654244306
ENSUPAT00010023042	0.6024844720496895	1.0	0.5921325051759835	0.6625258799171843	0.6169772256728778	0.6335403726708074
ENSPTET00000012638	0.8385093167701864	0.5921325051759835	1.0	0.8695652173913043	0.6045548654244306	0.6004140786749482
ENSTGET00000036986	0.906832298136646	0.6625258799171843	0.8695652173913043	1.0	0.6770186335403726	0.6687370600414079
ENSCCNT00000014594	0.6190476190476191	0.6169772256728778	0.6045548654244306	0.6770186335403726	1.0	0.6376811594202898
ENSMAUT00000017692	0.6045548654244306	0.6335403726708074	0.6004140786749482	0.6687370600414079	0.6376811594202898	1.0
