	C23G10.2b.1	FBtr0332376	FBtr0080746	C23G10.2c.1	ENSEBUT00000006905	C23G10.2a.2	ENSEBUT00000006915	C23G10.2a.1
C23G10.2b.1	1.0	0.9883323335332932	0.9883323335332932	0.999370125974805	0.9840731853629274	0.9974505098980204	0.9873125374925016	0.9974505098980204
FBtr0332376	0.9883323335332932	1.0	1.0	0.9889622075584884	0.9896220755848829	0.9859028194361128	0.9928614277144572	0.9859028194361128
FBtr0080746	0.9883323335332932	1.0	1.0	0.9889622075584884	0.9896220755848829	0.9859028194361128	0.9928614277144572	0.9859028194361128
C23G10.2c.1	0.999370125974805	0.9889622075584884	0.9889622075584884	1.0	0.9847030593881224	0.9969406118776244	0.9879424115176964	0.9969406118776244
ENSEBUT00000006905	0.9840731853629274	0.9896220755848829	0.9896220755848829	0.9847030593881224	1.0	0.9816436712657468	0.9967606478704258	0.9816436712657468
C23G10.2a.2	0.9974505098980204	0.9859028194361128	0.9859028194361128	0.9969406118776244	0.9816436712657468	1.0	0.984883023395321	1.0
ENSEBUT00000006915	0.9873125374925016	0.9928614277144572	0.9928614277144572	0.9879424115176964	0.9967606478704258	0.984883023395321	1.0	0.984883023395321
C23G10.2a.1	0.9974505098980204	0.9859028194361128	0.9859028194361128	0.9969406118776244	0.9816436712657468	1.0	0.984883023395321	1.0
