	ENSHHUT00000084220	ENSAMXT00000039433	ENSCHAT00000012951	ENSHHUT00000002613	ENSHHUT00000000713	ENSHHUT00000024241	ENSHHUT00000057848	ENSHHUT00000042983
ENSHHUT00000084220	1.0	0.6058631921824105	0.4533116178067318	0.4397394136807817	0.4549402823018458	0.5	0.6183496199782845	0.5195439739413681
ENSAMXT00000039433	0.6058631921824105	1.0	0.2714440825190011	0.4603691639522258	0.252985884907709	0.2855591748099892	0.4343105320304017	0.30238870792616723
ENSCHAT00000012951	0.4533116178067318	0.2714440825190011	1.0	0.3963083604777416	0.5955483170466884	0.6248642779587406	0.6492942453854506	0.6454940282301845
ENSHHUT00000002613	0.4397394136807817	0.4603691639522258	0.3963083604777416	1.0	0.5602605863192183	0.4603691639522258	0.3811074918566775	0.4804560260586319
ENSHHUT00000000713	0.4549402823018458	0.252985884907709	0.5955483170466884	0.5602605863192183	1.0	0.8170466883821933	0.5846905537459284	0.7915309446254072
ENSHHUT00000024241	0.5	0.2855591748099892	0.6248642779587406	0.4603691639522258	0.8170466883821933	1.0	0.6248642779587406	0.973398479913138
ENSHHUT00000057848	0.6183496199782845	0.4343105320304017	0.6492942453854506	0.3811074918566775	0.5846905537459284	0.6248642779587406	1.0	0.6427795874049945
ENSHHUT00000042983	0.5195439739413681	0.30238870792616723	0.6454940282301845	0.4804560260586319	0.7915309446254072	0.973398479913138	0.6427795874049945	1.0
