	MGP_SPRETEiJ_T0095338	MGP_PahariEiJ_T0089216	ENSMSIT00000020127	ENSRNOT00000089929	ENSMUGT00000015750	MGP_CAROLIEiJ_T0091589	ENSMUST00000075654	ENSMUST00000074894	ENSRNOT00000084905
MGP_SPRETEiJ_T0095338	1.0	0.935483870967742	0.98014888337469	0.8585607940446651	0.43672456575682383	0.98014888337469	0.98014888337469	0.98014888337469	0.8610421836228288
MGP_PahariEiJ_T0089216	0.935483870967742	1.0	0.9330024813895782	0.8784119106699751	0.4540942928039702	0.9429280397022332	0.9330024813895782	0.9280397022332506	0.8808933002481389
ENSMSIT00000020127	0.98014888337469	0.9330024813895782	1.0	0.8709677419354839	0.4317617866004964	0.9751861042183624	0.9950372208436724	0.9950372208436724	0.8734491315136477
ENSRNOT00000089929	0.8585607940446651	0.8784119106699751	0.8709677419354839	1.0	0.42431761786600497	0.8709677419354839	0.8684863523573201	0.8660049627791563	0.9975186104218362
ENSMUGT00000015750	0.43672456575682383	0.4540942928039702	0.4317617866004964	0.42431761786600497	1.0	0.43672456575682383	0.43424317617866	0.4292803970223325	0.4267990074441688
MGP_CAROLIEiJ_T0091589	0.98014888337469	0.9429280397022332	0.9751861042183624	0.8709677419354839	0.43672456575682383	1.0	0.9702233250620348	0.9702233250620348	0.8734491315136477
ENSMUST00000075654	0.98014888337469	0.9330024813895782	0.9950372208436724	0.8684863523573201	0.43424317617866	0.9702233250620348	1.0	0.9950372208436724	0.8709677419354839
ENSMUST00000074894	0.98014888337469	0.9280397022332506	0.9950372208436724	0.8660049627791563	0.4292803970223325	0.9702233250620348	0.9950372208436724	1.0	0.8684863523573201
ENSRNOT00000084905	0.8610421836228288	0.8808933002481389	0.8734491315136477	0.9975186104218362	0.4267990074441688	0.8734491315136477	0.8709677419354839	0.8684863523573201	1.0
