	ENSTGET00000022910	ENSPTET00000051579	ENSMFAT00000043192	ENSMLET00000026578	ENSNLET00000035248	ENSPANT00000052720	ENSMNET00000022309
ENSTGET00000022910	1.0	0.9854545454545456	0.9963636363636365	0.9927272727272728	0.4	1.0	0.9890909090909092
ENSPTET00000051579	0.9854545454545456	1.0	0.9890909090909092	0.9854545454545456	0.4	0.9854545454545456	0.9818181818181818
ENSMFAT00000043192	0.9963636363636365	0.9890909090909092	1.0	0.9963636363636365	0.4036363636363636	0.9963636363636365	0.9927272727272728
ENSMLET00000026578	0.9927272727272728	0.9854545454545456	0.9963636363636365	1.0	0.4036363636363636	0.9927272727272728	0.9890909090909092
ENSNLET00000035248	0.4	0.4	0.4036363636363636	0.4036363636363636	1.0	0.4	0.4
ENSPANT00000052720	1.0	0.9854545454545456	0.9963636363636365	0.9927272727272728	0.4	1.0	0.9890909090909092
ENSMNET00000022309	0.9890909090909092	0.9818181818181818	0.9927272727272728	0.9890909090909092	0.4	0.9890909090909092	1.0
