	ENSMLET00000004510	ENSPPAT00000051055	ENSTGET00000008932	ENSPTET00000050907	ENSPTRT00000099683	ENSMNET00000031001	ENSGGOT00000051499
ENSMLET00000004510	1.0	0.9322519083969466	0.9942748091603052	0.808206106870229	0.8854961832061069	0.9952290076335878	0.7633587786259542
ENSPPAT00000051055	0.9322519083969466	1.0	0.9322519083969466	0.7862595419847328	0.9351145038167938	0.9322519083969466	0.8225190839694656
ENSTGET00000008932	0.9942748091603052	0.9322519083969466	1.0	0.808206106870229	0.8854961832061069	0.991412213740458	0.7633587786259542
ENSPTET00000050907	0.808206106870229	0.7862595419847328	0.808206106870229	1.0	0.7786259541984732	0.8062977099236641	0.6116412213740458
ENSPTRT00000099683	0.8854961832061069	0.9351145038167938	0.8854961832061069	0.7786259541984732	1.0	0.8854961832061069	0.7576335877862596
ENSMNET00000031001	0.9952290076335878	0.9322519083969466	0.991412213740458	0.8062977099236641	0.8854961832061069	1.0	0.7624045801526718
ENSGGOT00000051499	0.7633587786259542	0.8225190839694656	0.7633587786259542	0.6116412213740458	0.7576335877862596	0.7624045801526718	1.0
