	F36F2.3a.1	ENSDART00000192041	FBtr0072249	ENSDART00000184520	ENSDART00000108681	FBtr0307174	ENSDART00000168025	ENSDART00000112677	F36F2.3b.1
F36F2.3a.1	1.0	0.4525193798449613	0.10335917312661502	0.4667312661498708	0.4533268733850129	0.3706395348837209	0.4533268733850129	0.4678617571059431	0.6293604651162791
ENSDART00000192041	0.4525193798449613	1.0	0.41101421188630494	0.9496124031007752	0.9988695090439276	0.7680878552971576	0.9988695090439276	0.9484819121447028	0.8094315245478036
FBtr0072249	0.10335917312661502	0.41101421188630494	1.0	0.41489018087855295	0.41101421188630494	0.6426033591731266	0.41101421188630494	0.41489018087855295	0.3020025839793281
ENSDART00000184520	0.4667312661498708	0.9496124031007752	0.41489018087855295	1.0	0.9484819121447028	0.7437015503875969	0.9484819121447028	0.9977390180878551	0.7810077519379846
ENSDART00000108681	0.4533268733850129	0.9988695090439276	0.41101421188630494	0.9484819121447028	1.0	0.7680878552971576	1.0	0.9496124031007752	0.8099160206718347
FBtr0307174	0.3706395348837209	0.7680878552971576	0.6426033591731266	0.7437015503875969	0.7680878552971576	1.0	0.7680878552971576	0.7437015503875969	0.6590762273901809
ENSDART00000168025	0.4533268733850129	0.9988695090439276	0.41101421188630494	0.9484819121447028	1.0	0.7680878552971576	1.0	0.9496124031007752	0.8099160206718347
ENSDART00000112677	0.4678617571059431	0.9484819121447028	0.41489018087855295	0.9977390180878551	0.9496124031007752	0.7437015503875969	0.9496124031007752	1.0	0.7814922480620154
F36F2.3b.1	0.6293604651162791	0.8094315245478036	0.3020025839793281	0.7810077519379846	0.8099160206718347	0.6590762273901809	0.8099160206718347	0.7814922480620154	1.0
