,ENSRBIT00000063050,ENSMFAT00000020067,ENSCATT00000055412,ENSMNET00000034301,ENSMLET00000057324,ENSPANT00000037437
ENSRBIT00000063050,1.0,0.8757961783439491,0.8853503184713376,0.8821656050955414,0.8821656050955414,0.8726114649681529
ENSMFAT00000020067,0.8757961783439491,1.0,0.9904458598726115,0.9936305732484076,0.9872611464968153,0.9777070063694268
ENSCATT00000055412,0.8853503184713376,0.9904458598726115,1.0,0.9968152866242038,0.9968152866242038,0.9872611464968153
ENSMNET00000034301,0.8821656050955414,0.9936305732484076,0.9968152866242038,1.0,0.9936305732484076,0.9840764331210191
ENSMLET00000057324,0.8821656050955414,0.9872611464968153,0.9968152866242038,0.9936305732484076,1.0,0.9840764331210191
ENSPANT00000037437,0.8726114649681529,0.9777070063694268,0.9872611464968153,0.9840764331210191,0.9840764331210191,1.0
