,ENSPCIT00000047386,ENSPCIT00000058710,ENSMEUT00000015896,ENSMODT00000081251,ENSSHAT00000015446,ENSMUST00000014691,ENSVURT00010026445,ENSMODT00000013437,MGP_SPRETEiJ_T0038808
ENSPCIT00000047386,1.0,0.9513742071881607,0.9443269908386187,0.7610993657505285,0.9492600422832981,0.8900634249471459,0.9823819591261451,0.9556025369978859,0.8879492600422833
ENSPCIT00000058710,0.9513742071881607,1.0,0.937984496124031,0.7547568710359408,0.9034531360112755,0.8456659619450317,0.9358703312191684,0.9083861874559549,0.8477801268498943
ENSMEUT00000015896,0.9443269908386187,0.937984496124031,1.0,0.7716701902748414,0.9238900634249472,0.8675123326286117,0.945031712473573,0.9267089499647639,0.8696264975334743
ENSMODT00000081251,0.7610993657505285,0.7547568710359408,0.7716701902748414,1.0,0.7526427061310782,0.6997885835095138,0.7596899224806202,0.7998590556730092,0.7026074700493306
ENSSHAT00000015446,0.9492600422832981,0.9034531360112755,0.9238900634249472,0.7526427061310782,1.0,0.8893587033121917,0.9499647639182522,0.9471458773784355,0.8872445384073291
ENSMUST00000014691,0.8900634249471459,0.8456659619450317,0.8675123326286117,0.6997885835095138,0.8893587033121917,1.0,0.8928823114869626,0.8851303735024665,0.9950669485553206
ENSVURT00010026445,0.9823819591261451,0.9358703312191684,0.945031712473573,0.7596899224806202,0.9499647639182522,0.8928823114869626,1.0,0.95630725863284,0.8907681465821
ENSMODT00000013437,0.9556025369978859,0.9083861874559549,0.9267089499647639,0.7998590556730092,0.9471458773784355,0.8851303735024665,0.95630725863284,1.0,0.883016208597604
MGP_SPRETEiJ_T0038808,0.8879492600422833,0.8477801268498943,0.8696264975334743,0.7026074700493306,0.8872445384073291,0.9950669485553206,0.8907681465821,0.883016208597604,1.0
