	ENSAMXT00000044938	ENSCHAT00000036512	ENSEEET00000022223	ENSIPUT00000023365	ENSCHAT00000036469	ENSDCDT00000070634	ENSEEET00000022029	ENSCMIT00000000801
ENSAMXT00000044938	1.0	0.5567493112947658	0.7391184573002755	0.7859504132231405	0.5079889807162534	0.7732782369146005	0.8107438016528926	0.6192837465564738
ENSCHAT00000036512	0.5567493112947658	1.0	0.5355371900826447	0.5782369146005509	0.9206611570247932	0.5779614325068871	0.5870523415977962	0.4548209366391185
ENSEEET00000022223	0.7391184573002755	0.5355371900826447	1.0	0.7421487603305785	0.5297520661157025	0.6909090909090909	0.9046831955922864	0.6088154269972452
ENSIPUT00000023365	0.7859504132231405	0.5782369146005509	0.7421487603305785	1.0	0.5223140495867769	0.7347107438016529	0.8035812672176309	0.6247933884297521
ENSCHAT00000036469	0.5079889807162534	0.9206611570247932	0.5297520661157025	0.5223140495867769	1.0	0.5272727272727272	0.537465564738292	0.4148760330578513
ENSDCDT00000070634	0.7732782369146005	0.5779614325068871	0.6909090909090909	0.7347107438016529	0.5272727272727272	1.0	0.7523415977961433	0.6206611570247934
ENSEEET00000022029	0.8107438016528926	0.5870523415977962	0.9046831955922864	0.8035812672176309	0.537465564738292	0.7523415977961433	1.0	0.646831955922865
ENSCMIT00000000801	0.6192837465564738	0.4548209366391185	0.6088154269972452	0.6247933884297521	0.4148760330578513	0.6206611570247934	0.646831955922865	1.0
