	ENSPTRT00000100764	ENSPANT00000058855	ENSMFAT00000045644	ENSCATT00000059146	ENSNLET00000053851	ENSTGET00000014357	ENSMNET00000010109	ENSRROT00000000065
ENSPTRT00000100764	1.0	0.7910863509749304	0.7966573816155988	0.7158774373259053	0.8885793871866295	0.7855153203342619	0.7966573816155988	0.6545961002785515
ENSPANT00000058855	0.7910863509749304	1.0	0.9888579387186628	0.9052924791086352	0.7743732590529248	0.9944289693593314	0.9860724233983288	0.7883008356545961
ENSMFAT00000045644	0.7966573816155988	0.9888579387186628	1.0	0.9052924791086352	0.7799442896935933	0.9832869080779943	0.9972144846796658	0.7938718662952646
ENSCATT00000059146	0.7158774373259053	0.9052924791086352	0.9052924791086352	1.0	0.6963788300835655	0.8997214484679665	0.9025069637883008	0.7103064066852368
ENSNLET00000053851	0.8885793871866295	0.7743732590529248	0.7799442896935933	0.6963788300835655	1.0	0.7688022284122563	0.7799442896935933	0.7409470752089137
ENSTGET00000014357	0.7855153203342619	0.9944289693593314	0.9832869080779943	0.8997214484679665	0.7688022284122563	1.0	0.98050139275766	0.7827298050139275
ENSMNET00000010109	0.7966573816155988	0.9860724233983288	0.9972144846796658	0.9025069637883008	0.7799442896935933	0.98050139275766	1.0	0.7910863509749304
ENSRROT00000000065	0.6545961002785515	0.7883008356545961	0.7938718662952646	0.7103064066852368	0.7409470752089137	0.7827298050139275	0.7910863509749304	1.0
