	ENSACLT00000000277	ENSAPOT00000019458	ENSCGOT00000027707	ENSSPAT00000003596	ENSLCAT00010041999	ENSHBUT00000026237	ENSSDUT00000001409
ENSACLT00000000277	1.0	0.6454668470906629	0.7415426251691475	0.4506089309878214	0.7063599458728009	0.8092016238159675	0.7347767253044655
ENSAPOT00000019458	0.6454668470906629	1.0	0.6522327469553449	0.4695534506089309	0.638700947225981	0.7604871447902571	0.7550744248985115
ENSCGOT00000027707	0.7415426251691475	0.6522327469553449	1.0	0.43031123139377536	0.6671177266576455	0.7469553450608931	0.8010825439783491
ENSSPAT00000003596	0.4506089309878214	0.4695534506089309	0.43031123139377536	1.0	0.550744248985115	0.5250338294993234	0.5345060893098782
ENSLCAT00010041999	0.7063599458728009	0.638700947225981	0.6671177266576455	0.550744248985115	1.0	0.7361299052774019	0.8010825439783491
ENSHBUT00000026237	0.8092016238159675	0.7604871447902571	0.7469553450608931	0.5250338294993234	0.7361299052774019	1.0	0.8525033829499323
ENSSDUT00000001409	0.7347767253044655	0.7550744248985115	0.8010825439783491	0.5345060893098782	0.8010825439783491	0.8525033829499323	1.0
