,ENSNSUT00000016397,ENSNSUT00000016272,ENSNSUT00000016311,ENSNSUT00000016289,ENSNSUT00000016491,ENSNSUT00000016505
ENSNSUT00000016397,1.0,0.8014457831325301,0.8053012048192771,0.7725301204819277,0.803855421686747,0.6691566265060241
ENSNSUT00000016272,0.8014457831325301,1.0,0.859277108433735,0.7932530120481928,0.7460240963855421,0.867710843373494
ENSNSUT00000016311,0.8053012048192771,0.859277108433735,1.0,0.811566265060241,0.7455421686746988,0.7269879518072289
ENSNSUT00000016289,0.7725301204819277,0.7932530120481928,0.811566265060241,1.0,0.7378313253012048,0.6609638554216868
ENSNSUT00000016491,0.803855421686747,0.7460240963855421,0.7455421686746988,0.7378313253012048,1.0,0.6137349397590361
ENSNSUT00000016505,0.6691566265060241,0.867710843373494,0.7269879518072289,0.6609638554216868,0.6137349397590361,1.0
