	ENSECRT00000017149	ENSODET00000006594	ENSECRT00000017139	ENSODET00000006595	ENSCLAT00000002616	ENSLOCT00000017248	ENSLOCT00000017246
ENSECRT00000017149	1.0	0.5850404954740352	0.5759885659838018	0.5150071462601239	0.5769414006669843	0.4587898999523583	0.486898523106241
ENSODET00000006594	0.5850404954740352	1.0	0.450214387803716	0.7336827060505002	0.9128156264888042	0.4383039542639352	0.4811815150071464
ENSECRT00000017139	0.5759885659838018	0.450214387803716	1.0	0.3606479275845641	0.44068604097189135	0.3758932825154835	0.4040019056693665
ENSODET00000006595	0.5150071462601239	0.7336827060505002	0.3606479275845641	1.0	0.6774654597427346	0.4173415912339209	0.4626012386850882
ENSCLAT00000002616	0.5769414006669843	0.9128156264888042	0.44068604097189135	0.6774654597427346	1.0	0.44116245831348255	0.4892806098141973
ENSLOCT00000017248	0.4587898999523583	0.4383039542639352	0.3758932825154835	0.4173415912339209	0.44116245831348255	1.0	0.8127679847546451
ENSLOCT00000017246	0.486898523106241	0.4811815150071464	0.4040019056693665	0.4626012386850882	0.4892806098141973	0.8127679847546451	1.0
