,FBtr0087943,F22A3.5.1,FBtr0087945,FBtr0087944,FBtr0339635,FBtr0087942
FBtr0087943,1.0,0.19434628975265023,0.7962308598351001,0.9823321554770318,0.8480565371024735,0.8480565371024735
F22A3.5.1,0.19434628975265023,1.0,0.07773851590106007,0.19552414605418145,0.04240282685512364,0.04240282685512364
FBtr0087945,0.7962308598351001,0.07773851590106007,1.0,0.8138987043580683,0.9477817039654496,0.9477817039654496
FBtr0087944,0.9823321554770318,0.19552414605418145,0.8138987043580683,1.0,0.8303886925795053,0.8303886925795053
FBtr0339635,0.8480565371024735,0.04240282685512364,0.9477817039654496,0.8303886925795053,1.0,1.0
FBtr0087942,0.8480565371024735,0.04240282685512364,0.9477817039654496,0.8303886925795053,1.0,1.0
