	FBtr0084954	FBtr0084955	FBtr0084958	FBtr0084979	FBtr0084982	FBtr0084960	FBtr0084961	FBtr0074590
FBtr0084954	1.0	0.5758241758241758	0.532967032967033	0.6296703296703297	0.5912087912087912	0.6120879120879121	0.6032967032967033	0.5659340659340659
FBtr0084955	0.5758241758241758	1.0	0.5967032967032967	0.5428571428571428	0.6483516483516484	0.6527472527472528	0.532967032967033	0.4989010989010989
FBtr0084958	0.532967032967033	0.5967032967032967	1.0	0.4945054945054945	0.6021978021978022	0.5857142857142857	0.4934065934065934	0.43736263736263736
FBtr0084979	0.6296703296703297	0.5428571428571428	0.4945054945054945	1.0	0.5824175824175825	0.6197802197802198	0.7615384615384615	0.5714285714285714
FBtr0084982	0.5912087912087912	0.6483516483516484	0.6021978021978022	0.5824175824175825	1.0	0.7076923076923077	0.5857142857142857	0.5230769230769231
FBtr0084960	0.6120879120879121	0.6527472527472528	0.5857142857142857	0.6197802197802198	0.7076923076923077	1.0	0.6142857142857143	0.5241758241758242
FBtr0084961	0.6032967032967033	0.532967032967033	0.4934065934065934	0.7615384615384615	0.5857142857142857	0.6142857142857143	1.0	0.5351648351648352
FBtr0074590	0.5659340659340659	0.4989010989010989	0.43736263736263736	0.5714285714285714	0.5230769230769231	0.5241758241758242	0.5351648351648352	1.0
