	ENSAPET00000001814	ENSAOCT00000010203	ENSMZET00005025414	ENSAPET00000001828	ENSAPOT00000007370	ENSPNYT00000012473	ENSHBUT00000001191	ENSACLT00000011516
ENSAPET00000001814	1.0	0.9977477477477478	0.8423423423423423	0.6824324324324325	0.9707207207207208	0.8423423423423423	0.8445945945945946	0.8445945945945946
ENSAOCT00000010203	0.9977477477477478	1.0	0.8400900900900901	0.6801801801801802	0.9684684684684683	0.8400900900900901	0.8423423423423423	0.8423423423423423
ENSMZET00005025414	0.8423423423423423	0.8400900900900901	1.0	0.5247747747747747	0.8423423423423423	0.9954954954954957	0.9977477477477478	0.9977477477477478
ENSAPET00000001828	0.6824324324324325	0.6801801801801802	0.5247747747747747	1.0	0.6531531531531531	0.5247747747747747	0.527027027027027	0.527027027027027
ENSAPOT00000007370	0.9707207207207208	0.9684684684684683	0.8423423423423423	0.6531531531531531	1.0	0.8445945945945946	0.8445945945945946	0.8445945945945946
ENSPNYT00000012473	0.8423423423423423	0.8400900900900901	0.9954954954954957	0.5247747747747747	0.8445945945945946	1.0	0.9977477477477478	0.9977477477477478
ENSHBUT00000001191	0.8445945945945946	0.8423423423423423	0.9977477477477478	0.527027027027027	0.8445945945945946	0.9977477477477478	1.0	1.0
ENSACLT00000011516	0.8445945945945946	0.8423423423423423	0.9977477477477478	0.527027027027027	0.8445945945945946	0.9977477477477478	1.0	1.0
