	ENSMLET00000023683	ENSMNET00000062685	ENSRBIT00000052559	ENSMFAT00000034476	ENSRROT00000063224	ENSPANT00000051343	ENSCATT00000049132
ENSMLET00000023683	1.0	0.6153846153846154	0.9615384615384616	0.8153846153846154	0.9692307692307692	0.9923076923076924	0.9961538461538462
ENSMNET00000062685	0.6153846153846154	1.0	0.5961538461538461	0.8	0.6038461538461538	0.6153846153846154	0.6192307692307693
ENSRBIT00000052559	0.9615384615384616	0.5961538461538461	1.0	0.7961538461538461	0.9923076923076924	0.9653846153846154	0.9653846153846154
ENSMFAT00000034476	0.8153846153846154	0.8	0.7961538461538461	1.0	0.8038461538461539	0.8153846153846154	0.8192307692307692
ENSRROT00000063224	0.9692307692307692	0.6038461538461538	0.9923076923076924	0.8038461538461539	1.0	0.9730769230769232	0.9730769230769232
ENSPANT00000051343	0.9923076923076924	0.6153846153846154	0.9653846153846154	0.8153846153846154	0.9730769230769232	1.0	0.9961538461538462
ENSCATT00000049132	0.9961538461538462	0.6192307692307693	0.9653846153846154	0.8192307692307692	0.9730769230769232	0.9961538461538462	1.0
