	ENSLBET00000008379	ENSEBUT00000003414	ENSORLT00000028062	ENSLBET00000025866	ENSLBET00000025851	ENSLBET00000008388
ENSLBET00000008379	1.0	0.4774665042630938	0.6017052375152253	0.7710109622411693	0.7235079171741778	0.7235079171741778
ENSEBUT00000003414	0.4774665042630938	1.0	0.6467722289890377	0.4993909866017052	0.658952496954933	0.658952496954933
ENSORLT00000028062	0.6017052375152253	0.6467722289890377	1.0	0.6236297198538368	0.8185140073081608	0.8185140073081608
ENSLBET00000025866	0.7710109622411693	0.4993909866017052	0.6236297198538368	1.0	0.7454323995127893	0.7454323995127893
ENSLBET00000025851	0.7235079171741778	0.658952496954933	0.8185140073081608	0.7454323995127893	1.0	1.0
ENSLBET00000008388	0.7235079171741778	0.658952496954933	0.8185140073081608	0.7454323995127893	1.0	1.0
