	FBtr0332308	FBtr0332309	FBtr0075377	FBtr0110866	FBtr0332310	FBtr0347416
FBtr0332308	1.0	0.997974797479748	0.2905040504050405	0.09203420342034208	0.7572007200720072	1.0
FBtr0332309	0.997974797479748	1.0	0.2884788478847885	0.09000900090009001	0.7551755175517552	0.997974797479748
FBtr0075377	0.2905040504050405	0.2884788478847885	1.0	0.8015301530153015	0.2776777677767777	0.2905040504050405
FBtr0110866	0.09203420342034208	0.09000900090009001	0.8015301530153015	1.0	0.07920792079207918	0.09203420342034208
FBtr0332310	0.7572007200720072	0.7551755175517552	0.2776777677767777	0.07920792079207918	1.0	0.7572007200720072
FBtr0347416	1.0	0.997974797479748	0.2905040504050405	0.09203420342034208	0.7572007200720072	1.0
