	ENSEBUT00000024103	ENSAHAT00000027233	ENSAOWT00000003576	ENSDNVT00000032902	ENSDNVT00000032901	ENSARWT00000006287
ENSEBUT00000024103	1.0	0.22142857142857145	0.221938775510204	0.18673469387755104	0.18112244897959184	0.221938775510204
ENSAHAT00000027233	0.22142857142857145	1.0	0.998469387755102	0.9255102040816326	0.9005102040816326	0.995408163265306
ENSAOWT00000003576	0.221938775510204	0.998469387755102	1.0	0.9270408163265306	0.9020408163265308	0.9969387755102042
ENSDNVT00000032902	0.18673469387755104	0.9255102040816326	0.9270408163265306	1.0	0.8959183673469387	0.9260204081632653
ENSDNVT00000032901	0.18112244897959184	0.9005102040816326	0.9020408163265308	0.8959183673469387	1.0	0.9010204081632652
ENSARWT00000006287	0.221938775510204	0.995408163265306	0.9969387755102042	0.9260204081632653	0.9010204081632652	1.0
