,ENSCJAT00000113714,ENSPSMT00000031857,ENSTGET00000044289,ENSMMUT00000105950,ENSRROT00000045808,ENSGGOT00000065283,ENSPANT00000037368,ENSPPAT00000030240,ENSPTRT00000099881
ENSCJAT00000113714,1.0,0.7935222672064778,0.05263157894736836,0.05263157894736836,0.082995951417004,0.7388663967611336,0.05263157894736836,0.7773279352226721,0.7753036437246964
ENSPSMT00000031857,0.7935222672064778,1.0,0.07085020242914974,0.07085020242914974,0.05668016194331982,0.7449392712550608,0.07085020242914974,0.7773279352226721,0.7773279352226721
ENSTGET00000044289,0.05263157894736836,0.07085020242914974,1.0,0.9959514170040485,0.9453441295546559,0.21457489878542513,1.0,0.17206477732793524,0.17206477732793524
ENSMMUT00000105950,0.05263157894736836,0.07085020242914974,0.9959514170040485,1.0,0.9493927125506073,0.21457489878542513,0.9959514170040485,0.17206477732793524,0.17206477732793524
ENSRROT00000045808,0.082995951417004,0.05668016194331982,0.9453441295546559,0.9493927125506073,1.0,0.18623481781376516,0.9453441295546559,0.14372469635627527,0.14372469635627527
ENSGGOT00000065283,0.7388663967611336,0.7449392712550608,0.21457489878542513,0.21457489878542513,0.18623481781376516,1.0,0.21457489878542513,0.9554655870445344,0.9534412955465587
ENSPANT00000037368,0.05263157894736836,0.07085020242914974,1.0,0.9959514170040485,0.9453441295546559,0.21457489878542513,1.0,0.17206477732793524,0.17206477732793524
ENSPPAT00000030240,0.7773279352226721,0.7773279352226721,0.17206477732793524,0.17206477732793524,0.14372469635627527,0.9554655870445344,0.17206477732793524,1.0,0.9979757085020243
ENSPTRT00000099881,0.7753036437246964,0.7773279352226721,0.17206477732793524,0.17206477732793524,0.14372469635627527,0.9534412955465587,0.17206477732793524,0.9979757085020243,1.0
