	ENSAPET00000013318	ENSDCDT00000039721	ENSAPET00000013303	ENSAOCT00000030751	ENSAPET00000013332	ENSORLT00000045065	ENSCHAT00000026690	ENSDCDT00000015297
ENSAPET00000013318	1.0	0.6283880171184023	0.7375178316690443	0.7360912981455064	0.6547788873038516	0.6205420827389444	0.6333808844507846	0.6283880171184023
ENSDCDT00000039721	0.6283880171184023	1.0	0.7432239657631954	0.7410841654778887	0.4172610556348074	0.666904422253923	0.4614835948644793	1.0
ENSAPET00000013303	0.7375178316690443	0.7432239657631954	1.0	0.9957203994293866	0.4621968616262482	0.8088445078459344	0.4407988587731812	0.7432239657631954
ENSAOCT00000030751	0.7360912981455064	0.7410841654778887	0.9957203994293866	1.0	0.4607703281027105	0.8074179743223966	0.4415121255349501	0.7410841654778887
ENSAPET00000013332	0.6547788873038516	0.4172610556348074	0.4621968616262482	0.4607703281027105	1.0	0.4650499286733238	0.557774607703281	0.4172610556348074
ENSORLT00000045065	0.6205420827389444	0.666904422253923	0.8088445078459344	0.8074179743223966	0.4650499286733238	1.0	0.4614835948644793	0.666904422253923
ENSCHAT00000026690	0.6333808844507846	0.4614835948644793	0.4407988587731812	0.4415121255349501	0.557774607703281	0.4614835948644793	1.0	0.4614835948644793
ENSDCDT00000015297	0.6283880171184023	1.0	0.7432239657631954	0.7410841654778887	0.4172610556348074	0.666904422253923	0.4614835948644793	1.0
