,ENSSFOT00015005897,ENSAMXT00000045768,ENSSFOT00015001823,ENSPKIT00000031731,ENSPKIT00000017673,ENSEEET00000021383,ENSIPUT00000010818,ENSIPUT00000010812
ENSSFOT00015005897,1.0,0.6601398601398601,0.5174825174825175,0.5972027972027972,0.8125874125874126,0.6461538461538462,0.6727272727272727,0.6727272727272727
ENSAMXT00000045768,0.6601398601398601,1.0,0.4237762237762237,0.5398601398601398,0.6741258741258741,0.7972027972027972,0.8265734265734266,0.8265734265734266
ENSSFOT00015001823,0.5174825174825175,0.4237762237762237,1.0,0.3706293706293706,0.509090909090909,0.42237762237762233,0.4195804195804196,0.4195804195804196
ENSPKIT00000031731,0.5972027972027972,0.5398601398601398,0.3706293706293706,1.0,0.5720279720279721,0.5104895104895105,0.5650349650349651,0.5650349650349651
ENSPKIT00000017673,0.8125874125874126,0.6741258741258741,0.509090909090909,0.5720279720279721,1.0,0.6657342657342658,0.6727272727272727,0.6727272727272727
ENSEEET00000021383,0.6461538461538462,0.7972027972027972,0.42237762237762233,0.5104895104895105,0.6657342657342658,1.0,0.7776223776223776,0.7776223776223776
ENSIPUT00000010818,0.6727272727272727,0.8265734265734266,0.4195804195804196,0.5650349650349651,0.6727272727272727,0.7776223776223776,1.0,1.0
ENSIPUT00000010812,0.6727272727272727,0.8265734265734266,0.4195804195804196,0.5650349650349651,0.6727272727272727,0.7776223776223776,1.0,1.0
