,ENSCAPT00000007790,ENSAHAT00000011294,ENSJJAT00000023693,ENSAOWT00000008583,ENSARWT00000017470,ENSNPET00000001583
ENSCAPT00000007790,1.0,0.7256944444444444,0.8958333333333334,0.7291666666666666,0.7256944444444444,0.6076388888888888
ENSAHAT00000011294,0.7256944444444444,1.0,0.7326388888888888,0.9930555555555556,0.9965277777777778,0.78125
ENSJJAT00000023693,0.8958333333333334,0.7326388888888888,1.0,0.7361111111111112,0.7326388888888888,0.6076388888888888
ENSAOWT00000008583,0.7291666666666666,0.9930555555555556,0.7361111111111112,1.0,0.9965277777777778,0.7743055555555556
ENSARWT00000017470,0.7256944444444444,0.9965277777777778,0.7326388888888888,0.9965277777777778,1.0,0.7777777777777778
ENSNPET00000001583,0.6076388888888888,0.78125,0.6076388888888888,0.7743055555555556,0.7777777777777778,1.0
