,ENSNMET00000018639,ENSGALT00000099197,ENSGALT00000055214,ENSABRT00000002308,ENSABRT00000002240,ENSNMET00000018638
ENSNMET00000018639,1.0,0.9522075557578517,0.9153390987710515,0.8561675011379153,0.8416021847974511,0.8711879836140192
ENSGALT00000099197,0.9522075557578517,1.0,0.9631315430131998,0.8438780154756486,0.834319526627219,0.8311333636777424
ENSGALT00000055214,0.9153390987710515,0.9631315430131998,1.0,0.8070095584888485,0.8297678652708238,0.864815657715066
ENSABRT00000002308,0.8561675011379153,0.8438780154756486,0.8070095584888485,1.0,0.8302230314064634,0.7510241238051889
ENSABRT00000002240,0.8416021847974511,0.834319526627219,0.8297678652708238,0.8302230314064634,1.0,0.8652708238507055
ENSNMET00000018638,0.8711879836140192,0.8311333636777424,0.864815657715066,0.7510241238051889,0.8652708238507055,1.0
