	ENSPRNT00000015107	ENSPRNT00000015106	ENSPRNT00000015103	ENSPRNT00000015114	ENSTRUT00000056341	ENSTNIT00000009425
ENSPRNT00000015107	1.0	0.7621359223300971	0.7669902912621359	0.529126213592233	0.7135922330097088	0.7152103559870551
ENSPRNT00000015106	0.7621359223300971	1.0	0.9951456310679612	0.7572815533980582	0.9158576051779936	0.9174757281553398
ENSPRNT00000015103	0.7669902912621359	0.9951456310679612	1.0	0.7621359223300971	0.9207119741100324	0.9223300970873788
ENSPRNT00000015114	0.529126213592233	0.7572815533980582	0.7621359223300971	1.0	0.6990291262135923	0.7071197411003236
ENSTRUT00000056341	0.7135922330097088	0.9158576051779936	0.9207119741100324	0.6990291262135923	1.0	0.9514563106796116
ENSTNIT00000009425	0.7152103559870551	0.9174757281553398	0.9223300970873788	0.7071197411003236	0.9514563106796116	1.0
