	ENSPLAT00000025813	ENSPMET00000028259	ENSTNIT00000014602	ENSCSET00000016637	ENSPLAT00000030652	ENSCSET00000016621	ENSLBET00000001315
ENSPLAT00000025813	1.0	0.9995414947271892	0.3553415864282439	0.31270059605685463	1.0	0.2265016047684548	0.3580926180651077
ENSPMET00000028259	0.9995414947271892	1.0	0.3553415864282439	0.31270059605685463	0.9995414947271892	0.2265016047684548	0.3580926180651077
ENSTNIT00000014602	0.3553415864282439	0.3553415864282439	1.0	0.6744612563044475	0.3553415864282439	0.5882622650160477	0.5717560751948647
ENSCSET00000016637	0.31270059605685463	0.31270059605685463	0.6744612563044475	1.0	0.31270059605685463	0.9041723979825768	0.7129756992205408
ENSPLAT00000030652	1.0	0.9995414947271892	0.3553415864282439	0.31270059605685463	1.0	0.2265016047684548	0.3580926180651077
ENSCSET00000016621	0.2265016047684548	0.2265016047684548	0.5882622650160477	0.9041723979825768	0.2265016047684548	1.0	0.6276937184777625
ENSLBET00000001315	0.3580926180651077	0.3580926180651077	0.5717560751948647	0.7129756992205408	0.3580926180651077	0.6276937184777625	1.0
