	ENSLOCT00000012334	ENSEBUT00000023192	ENSEBUT00000023292	ENSEBUT00000023222	ENSECRT00000001604	ENSEBUT00000023258
ENSLOCT00000012334	1.0	0.4049168474331164	0.3940708604483008	0.4049168474331164	0.5032537960954447	0.3991323210412148
ENSEBUT00000023192	0.4049168474331164	1.0	0.9891540130151844	1.0	0.4557724752952519	0.9942154736080984
ENSEBUT00000023292	0.3940708604483008	0.9891540130151844	1.0	0.9891540130151844	0.44492648831043613	0.9906001446131598
ENSEBUT00000023222	0.4049168474331164	1.0	0.9891540130151844	1.0	0.4557724752952519	0.9942154736080984
ENSECRT00000001604	0.5032537960954447	0.4557724752952519	0.44492648831043613	0.4557724752952519	1.0	0.4499879489033503
ENSEBUT00000023258	0.3991323210412148	0.9942154736080984	0.9906001446131598	0.9942154736080984	0.4499879489033503	1.0
