,ENSPPAT00000049288_ENSPPAG00000036333,ENSPTRT00000087416_ENSPTRG00000052872,ENSGGOT00000058891_ENSGGOG00000038319,ENSPPAT00000046556_ENSPPAG00000035025,ENSPTRT00000089780_ENSPTRG00000048102,ENSPANT00000034994_ENSPANG00000034809
ENSPPAT00000049288_ENSPPAG00000036333,1.0,0.94,0.93,0.72,0.72,0.72
ENSPTRT00000087416_ENSPTRG00000052872,0.94,1.0,0.93,0.71,0.71,0.72
ENSGGOT00000058891_ENSGGOG00000038319,0.93,0.93,1.0,0.72,0.72,0.72
ENSPPAT00000046556_ENSPPAG00000035025,0.72,0.71,0.72,1.0,0.86,0.75
ENSPTRT00000089780_ENSPTRG00000048102,0.72,0.71,0.72,0.86,1.0,0.78
ENSPANT00000034994_ENSPANG00000034809,0.72,0.72,0.72,0.75,0.78,1.0
