,Y65B4A.6a.1_WBGene00022029,Y65B4A.6b.1_WBGene00022029,F33D11.10.1_WBGene00018007,FBtr0081834_FBgn0037573,ENSOART00000002341_ENSOARG00000002169,ENSOART00000005602_ENSOARG00000005144,ENSCHIT00000036887_ENSCHIG00000024284
Y65B4A.6a.1_WBGene00022029,1.0,0.9,0.68,0.58,0.51,0.57,0.51
Y65B4A.6b.1_WBGene00022029,0.9,1.0,0.7,0.58,0.51,0.59,0.51
F33D11.10.1_WBGene00018007,0.68,0.7,1.0,0.52,0.52,0.59,0.53
FBtr0081834_FBgn0037573,0.58,0.58,0.52,1.0,0.56,0.53,0.56
ENSOART00000002341_ENSOARG00000002169,0.51,0.51,0.52,0.56,1.0,0.77,0.98
ENSOART00000005602_ENSOARG00000005144,0.57,0.59,0.59,0.53,0.77,1.0,0.77
ENSCHIT00000036887_ENSCHIG00000024284,0.51,0.51,0.53,0.56,0.98,0.77,1.0
