,ENSCATT00000037307_ENSCATG00000030727,ENSMNET00000035120_ENSMNEG00000029860,ENSPTRT00000023590_ENSPTRG00000012727,ENSPPAT00000002590_ENSPPAG00000002439,ENSGGOT00000000466_ENSGGOG00000000464,ENST00000308100_ENSG00000174325,ENSANAT00000031529_ENSANAG00000024763
ENSCATT00000037307_ENSCATG00000030727,1.0,0.89,0.82,0.82,0.81,0.83,0.78
ENSMNET00000035120_ENSMNEG00000029860,0.89,1.0,0.83,0.82,0.81,0.83,0.77
ENSPTRT00000023590_ENSPTRG00000012727,0.82,0.83,1.0,0.89,0.88,0.89,0.77
ENSPPAT00000002590_ENSPPAG00000002439,0.82,0.82,0.89,1.0,0.88,0.89,0.77
ENSGGOT00000000466_ENSGGOG00000000464,0.81,0.81,0.88,0.88,1.0,0.88,0.77
ENST00000308100_ENSG00000174325,0.83,0.83,0.89,0.89,0.88,1.0,0.77
ENSANAT00000031529_ENSANAG00000024763,0.78,0.77,0.77,0.77,0.77,0.77,1.0
