,ENSAMET00000002014_ENSAMEG00000001840,ENSPVAT00000011547_ENSPVAG00000011547,ENSTTRT00000005395_ENSTTRG00000005406,ENSEEUT00000003432_ENSEEUG00000003445,ENSPPYT00000008319_ENSPPYG00000007063,ENSCSAT00000007190_ENSCSAG00000009124,ENSOPRT00000000556_ENSOPRG00000000565,ENSTBET00000016300_ENSTBEG00000016308,ENSPCAT00000009467_ENSPCAG00000009495
ENSAMET00000002014_ENSAMEG00000001840,1.0,0.79,0.88,0.66,0.85,0.75,0.81,0.85,0.74
ENSPVAT00000011547_ENSPVAG00000011547,0.79,1.0,0.79,0.57,0.77,0.68,0.74,0.77,0.68
ENSTTRT00000005395_ENSTTRG00000005406,0.88,0.79,1.0,0.66,0.84,0.75,0.8,0.84,0.76
ENSEEUT00000003432_ENSEEUG00000003445,0.66,0.57,0.66,1.0,0.63,0.58,0.6,0.64,0.58
ENSPPYT00000008319_ENSPPYG00000007063,0.85,0.77,0.84,0.63,1.0,0.88,0.8,0.85,0.74
ENSCSAT00000007190_ENSCSAG00000009124,0.75,0.68,0.75,0.58,0.88,1.0,0.71,0.77,0.66
ENSOPRT00000000556_ENSOPRG00000000565,0.81,0.74,0.8,0.6,0.8,0.71,1.0,0.8,0.69
ENSTBET00000016300_ENSTBEG00000016308,0.85,0.77,0.84,0.64,0.85,0.77,0.8,1.0,0.74
ENSPCAT00000009467_ENSPCAG00000009495,0.74,0.68,0.76,0.58,0.74,0.66,0.69,0.74,1.0
