,ENSXCOT00000013904_ENSXCOG00000010397,ENSXMAT00000010508_ENSXMAG00000010476,ENSGAFT00000010691_ENSGAFG00000007161,ENSPLAT00000006370_ENSPLAG00000008483,ENSPMET00000034191_ENSPMEG00000021338,ENSCVAT00000031795_ENSCVAG00000019000,ENSKMAT00000013339_ENSKMAG00000009857,ENSORLT00000009621_ENSORLG00000007678
ENSXCOT00000013904_ENSXCOG00000010397,1.0,0.99,0.9,0.99,0.89,0.93,0.94,0.95
ENSXMAT00000010508_ENSXMAG00000010476,0.99,1.0,0.89,0.97,0.87,0.91,0.92,0.93
ENSGAFT00000010691_ENSGAFG00000007161,0.9,0.89,1.0,0.89,0.99,0.83,0.84,0.85
ENSPLAT00000006370_ENSPLAG00000008483,0.99,0.97,0.89,1.0,0.9,0.92,0.95,0.94
ENSPMET00000034191_ENSPMEG00000021338,0.89,0.87,0.99,0.9,1.0,0.82,0.85,0.84
ENSCVAT00000031795_ENSCVAG00000019000,0.93,0.91,0.83,0.92,0.82,1.0,0.93,0.93
ENSKMAT00000013339_ENSKMAG00000009857,0.94,0.92,0.84,0.95,0.85,0.93,1.0,0.95
ENSORLT00000009621_ENSORLG00000007678,0.95,0.93,0.85,0.94,0.84,0.93,0.95,1.0
