,ENSEBUT00000012548_ENSEBUG00000007650,ENSEBUT00000012573_ENSEBUG00000007650,ENSEBUT00000012616_ENSEBUG00000007650,ENSPMAT00000000225_ENSPMAG00000000201,ENSMICT00000052795_ENSMICG00000012001,ENSPSMT00000000890_ENSPSMG00000000569,ENSPCOT00000042202_ENSPCOG00000028383,ENSPCOT00000042203_ENSPCOG00000028383,ENSOGAT00000004957_ENSOGAG00000004952
ENSEBUT00000012548_ENSEBUG00000007650,1.0,0.98,0.91,0.46,0.53,0.52,0.51,0.52,0.49
ENSEBUT00000012573_ENSEBUG00000007650,0.98,1.0,0.91,0.46,0.52,0.52,0.51,0.52,0.49
ENSEBUT00000012616_ENSEBUG00000007650,0.91,0.91,1.0,0.46,0.46,0.46,0.45,0.45,0.44
ENSPMAT00000000225_ENSPMAG00000000201,0.46,0.46,0.46,1.0,0.46,0.46,0.45,0.45,0.45
ENSMICT00000052795_ENSMICG00000012001,0.53,0.52,0.46,0.46,1.0,0.96,0.94,0.96,0.81
ENSPSMT00000000890_ENSPSMG00000000569,0.52,0.52,0.46,0.46,0.96,1.0,0.94,0.95,0.81
ENSPCOT00000042202_ENSPCOG00000028383,0.51,0.51,0.45,0.45,0.94,0.94,1.0,0.96,0.81
ENSPCOT00000042203_ENSPCOG00000028383,0.52,0.52,0.45,0.45,0.96,0.95,0.96,1.0,0.82
ENSOGAT00000004957_ENSOGAG00000004952,0.49,0.49,0.44,0.45,0.81,0.81,0.81,0.82,1.0
