,ENSPCIT00000061213_ENSPCIG00000033169,ENSVURT00010032492_ENSVURG00010021819,ENSVURT00010032494_ENSVURG00010021819,ENSMEUT00000010487_ENSMEUG00000010460,ENSMODT00000018921_ENSMODG00000014859,ENSSHAT00000017311_ENSSHAG00000014592,ENSPVAT00000003892_ENSPVAG00000003892,ENSMLUT00000022391_ENSMLUG00000025515
ENSPCIT00000061213_ENSPCIG00000033169,1.0,0.92,0.84,0.88,0.87,0.86,0.7,0.71
ENSVURT00010032492_ENSVURG00010021819,0.92,1.0,0.87,0.87,0.88,0.85,0.7,0.7
ENSVURT00010032494_ENSVURG00010021819,0.84,0.87,1.0,0.78,0.81,0.77,0.68,0.68
ENSMEUT00000010487_ENSMEUG00000010460,0.88,0.87,0.78,1.0,0.84,0.83,0.67,0.67
ENSMODT00000018921_ENSMODG00000014859,0.87,0.88,0.81,0.84,1.0,0.83,0.69,0.69
ENSSHAT00000017311_ENSSHAG00000014592,0.86,0.85,0.77,0.83,0.83,1.0,0.68,0.68
ENSPVAT00000003892_ENSPVAG00000003892,0.7,0.7,0.68,0.67,0.69,0.68,1.0,0.87
ENSMLUT00000022391_ENSMLUG00000025515,0.71,0.7,0.68,0.67,0.69,0.68,0.87,1.0
