,ENSPTRT00000081261_ENSPTRG00000047868,ENSPTRT00000110501_ENSPTRG00000043826,ENSPTRT00000082589_ENSPTRG00000048197,ENSPTRT00000076962_ENSPTRG00000047732,ENSPTRT00000095694_ENSPTRG00000052087,ENSGGOT00000049827_ENSGGOG00000041981,ENSCJAT00000108690_ENSCJAG00000052506
ENSPTRT00000081261_ENSPTRG00000047868,1.0,0.9,0.87,0.71,0.88,0.88,0.64
ENSPTRT00000110501_ENSPTRG00000043826,0.9,1.0,0.87,0.71,0.88,0.88,0.64
ENSPTRT00000082589_ENSPTRG00000048197,0.87,0.87,1.0,0.7,0.87,0.87,0.62
ENSPTRT00000076962_ENSPTRG00000047732,0.71,0.71,0.7,1.0,0.69,0.7,0.58
ENSPTRT00000095694_ENSPTRG00000052087,0.88,0.88,0.87,0.69,1.0,0.87,0.64
ENSGGOT00000049827_ENSGGOG00000041981,0.88,0.88,0.87,0.7,0.87,1.0,0.62
ENSCJAT00000108690_ENSCJAG00000052506,0.64,0.64,0.62,0.58,0.64,0.62,1.0
