,FBtr0071562_FBgn0011674,F43E2.3a.1_WBGene00018392,F43E2.3b.1_WBGene00018392,ENSABRT00000022578_ENSABRG00000013914,ENSABRT00000022586_ENSABRG00000013914,ENSABRT00000022597_ENSABRG00000013914,ENSABRT00000022607_ENSABRG00000013914,ENSABRT00000022616_ENSABRG00000013914,ENSABRT00000022636_ENSABRG00000013914
FBtr0071562_FBgn0011674,1.0,0.19,0.19,1e-18,1e-18,1e-18,1e-18,1e-18,1e-18
F43E2.3a.1_WBGene00018392,0.19,1.0,0.96,0.37,0.37,0.37,0.37,0.37,0.37
F43E2.3b.1_WBGene00018392,0.19,0.96,1.0,0.38,0.38,0.38,0.38,0.38,0.38
ENSABRT00000022578_ENSABRG00000013914,1e-18,0.37,0.38,1.0,0.99,0.99,0.95,0.97,0.96
ENSABRT00000022586_ENSABRG00000013914,1e-18,0.37,0.38,0.99,1.0,0.99,0.95,0.97,0.96
ENSABRT00000022597_ENSABRG00000013914,1e-18,0.37,0.38,0.99,0.99,1.0,0.95,0.97,0.96
ENSABRT00000022607_ENSABRG00000013914,1e-18,0.37,0.38,0.95,0.95,0.95,1.0,0.97,0.94
ENSABRT00000022616_ENSABRG00000013914,1e-18,0.37,0.38,0.97,0.97,0.97,0.97,1.0,0.96
ENSABRT00000022636_ENSABRG00000013914,1e-18,0.37,0.38,0.96,0.96,0.96,0.94,0.96,1.0
