,FBtr0091748_FBgn0040077,FBtr0091747_FBgn0040077,Y94H6A.7.1_WBGene00022379,ENSCSAVT00000006633_ENSCSAVG00000003923,ENSCINT00000032821_ENSCING00000024954,ENSEBUT00000014219_ENSEBUG00000008608,YPR073C_mRNA_YPR073C
FBtr0091748_FBgn0040077,1.0,0.97,0.42,0.41,0.22,0.37,0.28
FBtr0091747_FBgn0040077,0.97,1.0,0.42,0.41,0.22,0.37,0.28
Y94H6A.7.1_WBGene00022379,0.42,0.42,1.0,1e-18,1e-18,0.38,0.3
ENSCSAVT00000006633_ENSCSAVG00000003923,0.41,0.41,1e-18,1.0,0.47,0.35,1e-18
ENSCINT00000032821_ENSCING00000024954,0.22,0.22,1e-18,0.47,1.0,0.37,1e-18
ENSEBUT00000014219_ENSEBUG00000008608,0.37,0.37,0.38,0.35,0.37,1.0,0.36
YPR073C_mRNA_YPR073C,0.28,0.28,0.3,1e-18,1e-18,0.36,1.0
