,ENSAOWT00000021909_ENSAOWG00000013135,ENSAHAT00000007807_ENSAHAG00000005253,ENSARWT00000031428_ENSARWG00000018771,ENSDNVT00000020971_ENSDNVG00000012203,ENSNPET00000000109_ENSNPEG00000000124,ENSABRT00000014525_ENSABRG00000009128
ENSAOWT00000021909_ENSAOWG00000013135,1.0,1.0,0.9,0.85,0.83,0.85
ENSAHAT00000007807_ENSAHAG00000005253,1.0,1.0,0.9,0.85,0.83,0.85
ENSARWT00000031428_ENSARWG00000018771,0.9,0.9,1.0,0.95,0.83,0.85
ENSDNVT00000020971_ENSDNVG00000012203,0.85,0.85,0.95,1.0,0.84,0.84
ENSNPET00000000109_ENSNPEG00000000124,0.83,0.83,0.83,0.84,1.0,0.83
ENSABRT00000014525_ENSABRG00000009128,0.85,0.85,0.85,0.84,0.83,1.0
