,ENSCSAVT00000000992_ENSCSAVG00000000550,ENSCINT00000015352_ENSCING00000007485,ENSPVIT00000028058_ENSPVIG00000017092,ENSNSUT00000023543_ENSNSUG00000016089,ENSSMRT00000008937_ENSSMRG00000006128,ENSACAT00000011733_ENSACAG00000011764
ENSCSAVT00000000992_ENSCSAVG00000000550,1.0,0.63,0.34,0.38,0.41,0.33
ENSCINT00000015352_ENSCING00000007485,0.63,1.0,0.33,0.34,0.39,0.31
ENSPVIT00000028058_ENSPVIG00000017092,0.34,0.33,1.0,0.68,0.65,0.61
ENSNSUT00000023543_ENSNSUG00000016089,0.38,0.34,0.68,1.0,0.62,0.53
ENSSMRT00000008937_ENSSMRG00000006128,0.41,0.39,0.65,0.62,1.0,0.67
ENSACAT00000011733_ENSACAG00000011764,0.33,0.31,0.61,0.53,0.67,1.0
