,ENSAHAT00000024288_ENSAHAG00000015472,ENSARWT00000025118_ENSARWG00000015103,ENSAOWT00000026087_ENSAOWG00000015542,ENSDNVT00000031960_ENSDNVG00000018395,ENSNPET00000017399_ENSNPEG00000012649,ENSABRT00000015099_ENSABRG00000009059,ENSABRT00000015143_ENSABRG00000009059
ENSAHAT00000024288_ENSAHAG00000015472,1.0,1.0,1.0,0.92,0.92,0.92,0.9
ENSARWT00000025118_ENSARWG00000015103,1.0,1.0,1.0,0.92,0.92,0.92,0.9
ENSAOWT00000026087_ENSAOWG00000015542,1.0,1.0,1.0,0.92,0.92,0.93,0.9
ENSDNVT00000031960_ENSDNVG00000018395,0.92,0.92,0.92,1.0,0.89,0.89,0.91
ENSNPET00000017399_ENSNPEG00000012649,0.92,0.92,0.92,0.89,1.0,0.9,0.87
ENSABRT00000015099_ENSABRG00000009059,0.92,0.92,0.93,0.89,0.9,1.0,0.98
ENSABRT00000015143_ENSABRG00000009059,0.9,0.9,0.9,0.91,0.87,0.98,1.0
