,ENSPLAT00000017970_ENSPLAG00000013779,ENSPMET00000016668_ENSPMEG00000011840,ENSXCOT00000003877_ENSXCOG00000003010,ENSFHET00000023945_ENSFHEG00000017382,ENSBSLT00000040092_ENSBSLG00000017751,ENSHCOT00000019043_ENSHCOG00000015086
ENSPLAT00000017970_ENSPLAG00000013779,1.0,0.86,0.86,0.7,0.47,0.53
ENSPMET00000016668_ENSPMEG00000011840,0.86,1.0,0.83,0.7,0.48,0.53
ENSXCOT00000003877_ENSXCOG00000003010,0.86,0.83,1.0,0.71,0.48,0.55
ENSFHET00000023945_ENSFHEG00000017382,0.7,0.7,0.71,1.0,0.51,0.59
ENSBSLT00000040092_ENSBSLG00000017751,0.47,0.48,0.48,0.51,1.0,0.65
ENSHCOT00000019043_ENSHCOG00000015086,0.53,0.53,0.55,0.59,0.65,1.0
