,FBtr0332600_FBgn0031760,FBtr0307300_FBgn0031760,FBtr0113024_FBgn0031760,FBtr0330150_FBgn0037848,FBtr0082288_FBgn0037848,FBtr0306640_FBgn0037848,T14G10.6.1_WBGene00006638,ENSCINT00000031406_ENSCING00000020282
FBtr0332600_FBgn0031760,1.0,0.9,0.9,0.38,0.38,0.38,0.29,0.34
FBtr0307300_FBgn0031760,0.9,1.0,0.95,0.39,0.39,0.39,0.29,0.36
FBtr0113024_FBgn0031760,0.9,0.95,1.0,0.38,0.38,0.38,0.29,0.36
FBtr0330150_FBgn0037848,0.38,0.39,0.38,1.0,0.9,0.9,0.22,0.33
FBtr0082288_FBgn0037848,0.38,0.39,0.38,0.9,1.0,0.9,0.23,0.35
FBtr0306640_FBgn0037848,0.38,0.39,0.38,0.9,0.9,1.0,0.23,0.35
T14G10.6.1_WBGene00006638,0.29,0.29,0.29,0.22,0.23,0.23,1.0,0.35
ENSCINT00000031406_ENSCING00000020282,0.34,0.36,0.36,0.33,0.35,0.35,0.35,1.0
