,ENSFHET00000027367_ENSFHEG00000020256,ENSCVAT00000012628_ENSCVAG00000002948,ENSXCOT00000028153_ENSXCOG00000020742,ENSPLAT00000012130_ENSPLAG00000004387,ENSGAFT00000030257_ENSGAFG00000020189,ENSAOCT00000032617_ENSAOCG00000022269,ENSLBET00000028325_ENSLBEG00000020530,ENSNBRT00000031175_ENSNBRG00000023122
ENSFHET00000027367_ENSFHEG00000020256,1.0,0.77,0.78,0.77,0.75,0.71,0.67,0.58
ENSCVAT00000012628_ENSCVAG00000002948,0.77,1.0,0.75,0.75,0.74,0.73,0.66,0.61
ENSXCOT00000028153_ENSXCOG00000020742,0.78,0.75,1.0,0.85,0.82,0.72,0.67,0.59
ENSPLAT00000012130_ENSPLAG00000004387,0.77,0.75,0.85,1.0,0.82,0.72,0.68,0.57
ENSGAFT00000030257_ENSGAFG00000020189,0.75,0.74,0.82,0.82,1.0,0.71,0.68,1e-18
ENSAOCT00000032617_ENSAOCG00000022269,0.71,0.73,0.72,0.72,0.71,1.0,0.64,0.59
ENSLBET00000028325_ENSLBEG00000020530,0.67,0.66,0.67,0.68,0.68,0.64,1.0,0.57
ENSNBRT00000031175_ENSNBRG00000023122,0.58,0.61,0.59,0.57,1e-18,0.59,0.57,1.0
