,ENSPVIT00000010794_ENSPVIG00000006793,ENSNSUT00000018425_ENSNSUG00000012707,ENSSMRT00000011101_ENSSMRG00000007595,ENSSPUT00000004787_ENSSPUG00000003487,ENSCABT00000025378_ENSCABG00000017057,ENSGAGT00000013633_ENSGAGG00000009179
ENSPVIT00000010794_ENSPVIG00000006793,1.0,0.74,0.81,0.73,0.73,0.72
ENSNSUT00000018425_ENSNSUG00000012707,0.74,1.0,0.75,0.75,0.72,0.73
ENSSMRT00000011101_ENSSMRG00000007595,0.81,0.75,1.0,0.73,0.76,0.76
ENSSPUT00000004787_ENSSPUG00000003487,0.73,0.75,0.73,1.0,0.85,0.85
ENSCABT00000025378_ENSCABG00000017057,0.73,0.72,0.76,0.85,1.0,0.98
ENSGAGT00000013633_ENSGAGG00000009179,0.72,0.73,0.76,0.85,0.98,1.0
