,ENSABRT00000018275_ENSABRG00000011419,ENSCJPT00005014361_ENSCJPG00005008435,ENSMUNT00000015608_ENSMUNG00000010562,ENSZALT00000003966_ENSZALG00000002539,ENSJHYT00000015341_ENSJHYG00000009871,ENSPMJT00000023801_ENSPMJG00000013644
ENSABRT00000018275_ENSABRG00000011419,1.0,0.63,0.61,0.67,0.68,0.66
ENSCJPT00005014361_ENSCJPG00005008435,0.63,1.0,0.63,0.67,0.62,0.61
ENSMUNT00000015608_ENSMUNG00000010562,0.61,0.63,1.0,0.68,0.69,0.67
ENSZALT00000003966_ENSZALG00000002539,0.67,0.67,0.68,1.0,0.83,0.81
ENSJHYT00000015341_ENSJHYG00000009871,0.68,0.62,0.69,0.83,1.0,0.81
ENSPMJT00000023801_ENSPMJG00000013644,0.66,0.61,0.67,0.81,0.81,1.0
