,ENSSFOT00015032207_ENSSFOG00015020398,ENSPKIT00000034486_ENSPKIG00000025104,ENSPKIT00000034492_ENSPKIG00000025104,ENSPKIT00000034494_ENSPKIG00000025104,ENSTRUT00000044125_ENSTRUG00000017168,ENSTNIT00000010394_ENSTNIG00000007407,ENSMMOT00000006136_ENSMMOG00000004727,ENSMMOT00000006137_ENSMMOG00000004727,ENSMMOT00000006139_ENSMMOG00000004727
ENSSFOT00015032207_ENSSFOG00015020398,1.0,0.69,0.63,0.63,0.78,0.55,0.68,0.53,0.61
ENSPKIT00000034486_ENSPKIG00000025104,0.69,1.0,0.72,0.72,0.64,0.54,0.55,0.45,0.5
ENSPKIT00000034492_ENSPKIG00000025104,0.63,0.72,1.0,0.85,0.58,0.42,0.63,0.53,0.72
ENSPKIT00000034494_ENSPKIG00000025104,0.63,0.72,0.85,1.0,0.58,0.42,0.63,0.53,0.63
ENSTRUT00000044125_ENSTRUG00000017168,0.78,0.64,0.58,0.58,1.0,0.71,0.74,0.59,0.67
ENSTNIT00000010394_ENSTNIG00000007407,0.55,0.54,0.42,0.42,0.71,1.0,0.56,0.55,0.55
ENSMMOT00000006136_ENSMMOG00000004727,0.68,0.55,0.63,0.63,0.74,0.56,1.0,0.75,0.85
ENSMMOT00000006137_ENSMMOG00000004727,0.53,0.45,0.53,0.53,0.59,0.55,0.75,1.0,0.75
ENSMMOT00000006139_ENSMMOG00000004727,0.61,0.5,0.72,0.63,0.67,0.55,0.85,0.75,1.0
