,ENSPTRT00000059127_ENSPTRG00000013441,ENSPPAT00000043241_ENSPPAG00000033452,ENST00000374345_ENSG00000125975,ENST00000246199_ENSG00000125975,ENST00000424444_ENSG00000125975,ENST00000444723_ENSG00000125975,ENSGGOT00000006911_ENSGGOG00000006887,ENSNLET00000013101_ENSNLEG00000010247,ENSPTET00000016315_ENSPTEG00000012182
ENSPTRT00000059127_ENSPTRG00000013441,1.0,1.0,0.99,0.92,0.87,0.99,0.98,0.97,0.87
ENSPPAT00000043241_ENSPPAG00000033452,1.0,1.0,0.99,0.92,0.87,0.99,0.98,0.97,0.87
ENST00000374345_ENSG00000125975,0.99,0.99,1.0,0.92,0.88,1.0,0.99,0.97,0.88
ENST00000246199_ENSG00000125975,0.92,0.92,0.92,1.0,0.82,0.92,0.91,0.89,0.84
ENST00000424444_ENSG00000125975,0.87,0.87,0.88,0.82,1.0,0.88,0.86,0.85,0.78
ENST00000444723_ENSG00000125975,0.99,0.99,1.0,0.92,0.88,1.0,0.99,0.97,0.88
ENSGGOT00000006911_ENSGGOG00000006887,0.98,0.98,0.99,0.91,0.86,0.99,1.0,0.97,0.88
ENSNLET00000013101_ENSNLEG00000010247,0.97,0.97,0.97,0.89,0.85,0.97,0.97,1.0,0.88
ENSPTET00000016315_ENSPTEG00000012182,0.87,0.87,0.88,0.84,0.78,0.88,0.88,0.88,1.0
