,ENSACAT00000002829_ENSACAG00000002868,ENSNSUT00000028789_ENSNSUG00000019418,ENSNSUT00000028790_ENSNSUG00000019418,ENSSMRT00000008142_ENSSMRG00000005624,ENSSPUT00000021786_ENSSPUG00000015693,ENSGAGT00000024858_ENSGAGG00000016018,ENSCABT00000028198_ENSCABG00000018924
ENSACAT00000002829_ENSACAG00000002868,1.0,0.61,0.54,0.7,0.6,0.56,0.57
ENSNSUT00000028789_ENSNSUG00000019418,0.61,1.0,0.92,0.67,0.59,0.64,0.61
ENSNSUT00000028790_ENSNSUG00000019418,0.54,0.92,1.0,0.59,0.55,0.61,0.58
ENSSMRT00000008142_ENSSMRG00000005624,0.7,0.67,0.59,1.0,0.65,0.6,0.63
ENSSPUT00000021786_ENSSPUG00000015693,0.6,0.59,0.55,0.65,1.0,0.72,0.71
ENSGAGT00000024858_ENSGAGG00000016018,0.56,0.64,0.61,0.6,0.72,1.0,0.84
ENSCABT00000028198_ENSCABG00000018924,0.57,0.61,0.58,0.63,0.71,0.84,1.0
