,ENSPCOT00000024685_ENSPCOG00000018706,ENSMICT00000059535_ENSMICG00000045621,ENSMNET00000039242_ENSMNEG00000031656,ENSTGET00000023735_ENSTGEG00000016047,ENSPTET00000058137_ENSPTEG00000039739,ENSNLET00000033194_ENSNLEG00000028597,ENST00000641801_ENSG00000284631,ENSPPRT00000023723_ENSPPRG00000014951
ENSPCOT00000024685_ENSPCOG00000018706,1.0,1e-18,0.5,0.57,0.54,0.57,0.56,0.56
ENSMICT00000059535_ENSMICG00000045621,1e-18,1.0,0.47,0.45,0.47,0.47,0.47,0.47
ENSMNET00000039242_ENSMNEG00000031656,0.5,0.47,1.0,0.49,0.5,0.49,0.48,0.44
ENSTGET00000023735_ENSTGEG00000016047,0.57,0.45,0.49,1.0,0.95,0.96,0.96,0.92
ENSPTET00000058137_ENSPTEG00000039739,0.54,0.47,0.5,0.95,1.0,0.95,0.94,0.9
ENSNLET00000033194_ENSNLEG00000028597,0.57,0.47,0.49,0.96,0.95,1.0,0.97,0.92
ENST00000641801_ENSG00000284631,0.56,0.47,0.48,0.96,0.94,0.97,1.0,0.92
ENSPPRT00000023723_ENSPPRG00000014951,0.56,0.47,0.44,0.92,0.9,0.92,0.92,1.0
