,ENSCVAT00000015913_ENSCVAG00000011466,ENSCVAT00000009440_ENSCVAG00000005018,ENSFHET00000032904_ENSFHEG00000016296,ENSOMET00000021162_ENSOMEG00000014981,ENSPRNT00000033990_ENSPRNG00000016002,ENSMALT00000019835_ENSMALG00000013581
ENSCVAT00000015913_ENSCVAG00000011466,1.0,0.79,0.65,0.32,0.37,0.36
ENSCVAT00000009440_ENSCVAG00000005018,0.79,1.0,0.65,0.37,0.43,0.37
ENSFHET00000032904_ENSFHEG00000016296,0.65,0.65,1.0,0.33,0.38,0.39
ENSOMET00000021162_ENSOMEG00000014981,0.32,0.37,0.33,1.0,0.35,0.24
ENSPRNT00000033990_ENSPRNG00000016002,0.37,0.43,0.38,0.35,1.0,0.29
ENSMALT00000019835_ENSMALG00000013581,0.36,0.37,0.39,0.24,0.29,1.0
