	ENSOPRT00000000032	ENSCPOT00000042252	ENSOCUT00000034149	ENSOCUT00000034085	ENSCLAT00000018501	ENSCLAT00000018502
ENSOPRT00000000032	1.0	0.6362515413070283	0.717312661498708	0.8210915582759499	0.5008966754035039	0.5903398926654739
ENSCPOT00000042252	0.6362515413070283	1.0	0.7029569892473119	0.6821903100254999	0.5777296937416777	0.933774834437086
ENSOCUT00000034149	0.717312661498708	0.7029569892473119	1.0	0.726065621091119	0.6093430656934307	0.0
ENSOCUT00000034085	0.8210915582759499	0.6821903100254999	0.726065621091119	1.0	0.6056564358026675	0.6503992901508431
ENSCLAT00000018501	0.5008966754035039	0.5777296937416777	0.6093430656934307	0.6056564358026675	1.0	0.6890034364261168
ENSCLAT00000018502	0.5903398926654739	0.933774834437086	0.0	0.6503992901508431	0.6890034364261168	1.0
