	ENSOART00000005602	ENSCHIT00000036887	F33D11.10.1	FBtr0081834	ENSOART00000002341	Y65B4A.6a.1	Y65B4A.6b.1
ENSOART00000005602	1.0	0.9627407641300916	0.6131636562671046	0.6634323832625834	0.9655825702557626	0.5891964888588791	0.6083597464342314
ENSCHIT00000036887	0.9627407641300916	1.0	0.6614202049780381	0.6707224334600761	0.9879759519038076	0.6338697878566203	0.6338697878566203
F33D11.10.1	0.6131636562671046	0.6614202049780381	1.0	0.6530187369882027	0.6514264813460132	0.7304937324123817	0.7458340963193554
FBtr0081834	0.6634323832625834	0.6707224334600761	0.6530187369882027	1.0	0.6730038022813688	0.7210270645385151	0.7210270645385151
ENSOART00000002341	0.9655825702557626	0.9879759519038076	0.6514264813460132	0.6730038022813688	1.0	0.6386247256766642	0.6386247256766642
Y65B4A.6a.1	0.5891964888588791	0.6338697878566203	0.7304937324123817	0.7210270645385151	0.6386247256766642	1.0	1.0
Y65B4A.6b.1	0.6083597464342314	0.6338697878566203	0.7458340963193554	0.7210270645385151	0.6386247256766642	1.0	1.0
