	ENSCABT00000004651	ENSCINT00000023257	ENSCABT00000004652	ENSCSAVT00000000997	ENSGAGT00000036886	ENSGAGT00000036887
ENSCABT00000004651	1.0	0.2458697764820213	1.0	0.2872875269332056	0.9476756756756756	0.9549972889933128
ENSCINT00000023257	0.2458697764820213	1.0	0.2458697764820213	0.5546786922209695	0.22254885007781436	0.2397774014033389
ENSCABT00000004652	1.0	0.2458697764820213	1.0	0.2872875269332056	0.9476756756756756	0.9549972889933128
ENSCSAVT00000000997	0.2872875269332056	0.5546786922209695	0.2872875269332056	1.0	0.2753896215105327	0.288135593220339
ENSGAGT00000036886	0.9476756756756756	0.22254885007781436	0.9476756756756756	0.2753896215105327	1.0	1.0
ENSGAGT00000036887	0.9549972889933128	0.2397774014033389	0.9549972889933128	0.288135593220339	1.0	1.0
