	ENSARWT00000007206	ENSAOWT00000005822	ENSAHAT00000027021	ENSDNVT00000013279	ENSAHAT00000027029	ENSAHAT00000027028	ENSTGUT00000009490	ENSDNVT00000013288
ENSARWT00000007206	1.0	0.9957119360902256	0.9956503849997062	0.96028710948991	0.9961455832174902	0.9956503849997062	0.9133863575087624	0.96028710948991
ENSAOWT00000005822	0.9957119360902256	1.0	0.9971804511278196	0.9616423872180452	0.9978536708541128	0.9971804511278196	0.9105351733423088	0.9616423872180452
ENSAHAT00000027021	0.9956503849997062	0.9971804511278196	1.0	0.9615588079703756	1.0	1.0	0.9104015090272164	0.9615588079703756
ENSDNVT00000013279	0.96028710948991	0.9616423872180452	0.9615588079703756	1.0	0.9631618855048654	0.9615588079703756	0.908498063990218	1.0
ENSAHAT00000027029	0.9961455832174902	0.9978536708541128	1.0	0.9631618855048654	1.0	1.0	0.9153374233128836	0.9631618855048654
ENSAHAT00000027028	0.9956503849997062	0.9971804511278196	1.0	0.9615588079703756	1.0	1.0	0.9104015090272164	0.9615588079703756
ENSTGUT00000009490	0.9133863575087624	0.9105351733423088	0.9104015090272164	0.908498063990218	0.9153374233128836	0.9104015090272164	1.0	0.908498063990218
ENSDNVT00000013288	0.96028710948991	0.9616423872180452	0.9615588079703756	1.0	0.9631618855048654	0.9615588079703756	0.908498063990218	1.0
