,ENSSSCT00000075390,ENSSSCT00000082076,ENSSSCT00000089120,ENSSSCT00000051167,ENSSSCT00000054166,ENSVPAT00000011982,ENSSSCT00000038613
ENSSSCT00000075390,1.0,0.9363654498304409,0.9468325791855203,0.9417841915382092,0.9125567813108372,0.8738870001618909,0.9480246113989638
ENSSSCT00000082076,0.9363654498304409,1.0,0.9431637519872814,0.9716397044138206,0.8801677651288197,0.8581687612208259,0.9456066945606695
ENSSSCT00000089120,0.9468325791855203,0.9431637519872814,1.0,0.9651960784313726,0.892049127343245,0.8783128636069812,0.9595992243051067
ENSSSCT00000051167,0.9417841915382092,0.9716397044138206,0.9651960784313726,1.0,0.8904558871761233,0.8785199738048461,0.9506961506961507
ENSSSCT00000054166,0.9125567813108372,0.8801677651288197,0.892049127343245,0.8904558871761233,1.0,0.8675732556257083,0.8932966321243523
ENSVPAT00000011982,0.8738870001618909,0.8581687612208259,0.8783128636069812,0.8785199738048461,0.8675732556257083,1.0,0.872915654848632
ENSSSCT00000038613,0.9480246113989638,0.9456066945606695,0.9595992243051067,0.9506961506961507,0.8932966321243523,0.872915654848632,1.0
