	ENSACLT00000000277	ENSAPOT00000019458	ENSCGOT00000027707	ENSSPAT00000003596	ENSLCAT00010041999	ENSHBUT00000026237	ENSSDUT00000001409
ENSACLT00000000277	1.0	0.692814371257485	0.5686178061977374	0.647010647010647	0.681023720349563	0.9809230769230768	0.6581885856079405
ENSAPOT00000019458	0.692814371257485	1.0	0.6417139907072793	0.7833806818181818	0.6107142857142858	0.6881775942178626	0.6248693834900731
ENSCGOT00000027707	0.5686178061977374	0.6417139907072793	1.0	0.6213729653220099	0.7236604455147502	0.6436363636363637	0.7462376751427089
ENSSPAT00000003596	0.647010647010647	0.7833806818181818	0.6213729653220099	1.0	0.5736738703339882	0.6332129963898917	0.6307356154406409
ENSLCAT00010041999	0.681023720349563	0.6107142857142858	0.7236604455147502	0.5736738703339882	1.0	0.6664634146341464	0.8347509113001215
ENSHBUT00000026237	0.9809230769230768	0.6881775942178626	0.6436363636363637	0.6332129963898917	0.6664634146341464	1.0	0.6613756613756614
ENSSDUT00000001409	0.6581885856079405	0.6248693834900731	0.7462376751427089	0.6307356154406409	0.8347509113001215	0.6613756613756614	1.0
