	ENSNSUT00000016574	ENSCABT00000034781	ENSGAGT00000035120	ENSACAT00000028625	ENSSMRT00000003797	ENSPVIT00000032808
ENSNSUT00000016574	1.0	0.6679777122254998	0.6815470337594232	0.7502818489289741	0.7950737054302633	0.7738178135088941
ENSCABT00000034781	0.6679777122254998	1.0	0.9677072120559742	0.6753525245305088	0.6560440263646253	0.6517226286500344
ENSGAGT00000035120	0.6815470337594232	0.9677072120559742	1.0	0.6854246539736175	0.6672425929481026	0.6616019508534984
ENSACAT00000028625	0.7502818489289741	0.6753525245305088	0.6854246539736175	1.0	0.7706540447504303	0.7538976857490864
ENSSMRT00000003797	0.7950737054302633	0.6560440263646253	0.6672425929481026	0.7706540447504303	1.0	0.7725239219584938
ENSPVIT00000032808	0.7738178135088941	0.6517226286500344	0.6616019508534984	0.7538976857490864	0.7725239219584938	1.0
