,ENSARWT00000031428,ENSAOWT00000021909,ENSAHAT00000007807,ENSNPET00000000109,ENSABRT00000014525,ENSDNVT00000020971
ENSARWT00000031428,1.0,0.9957115350953964,0.9957115350953964,0.912445545400188,0.9369140453868395,0.9411714039621016
ENSAOWT00000021909,0.9957115350953964,1.0,0.9977522261606294,0.9144394159337376,0.9389506875711658,0.9431720337523678
ENSAHAT00000007807,0.9957115350953964,0.9977522261606294,1.0,0.9144394159337376,0.9389506875711658,0.9431720337523678
ENSNPET00000000109,0.912445545400188,0.9144394159337376,0.9144394159337376,1.0,0.906984667802385,0.9274744027303754
ENSABRT00000014525,0.9369140453868395,0.9389506875711658,0.9389506875711658,0.906984667802385,1.0,0.9267935578330894
ENSDNVT00000020971,0.9411714039621016,0.9431720337523678,0.9431720337523678,0.9274744027303754,0.9267935578330894,1.0
