,ENSEBUT00000019949,C12D12.5b.1,ENSEBUT00000019913,ENSEBUT00000019884,ENSEBUT00000020005,ENSEBUT00000019929,C12D12.5a.1,ENSEBUT00000000933,ENSEBUT00000019980
ENSEBUT00000019949,1.0,0.3369659982563209,1.0,1.0,1.0,1.0,0.33299999999999996,0.4534746760895171,1.0
C12D12.5b.1,0.3369659982563209,1.0,0.3369659982563209,0.3369659982563209,0.33771008403361347,0.3369659982563209,1.0,0.3495539334955393,0.3369659982563209
ENSEBUT00000019913,1.0,0.3369659982563209,1.0,1.0,1.0,1.0,0.33299999999999996,0.45135983263598334,1.0
ENSEBUT00000019884,1.0,0.3369659982563209,1.0,1.0,1.0,1.0,0.33299999999999996,0.45633136094674553,1.0
ENSEBUT00000020005,1.0,0.33771008403361347,1.0,1.0,1.0,1.0,0.33771008403361347,0.45633136094674553,1.0
ENSEBUT00000019929,1.0,0.3369659982563209,1.0,1.0,1.0,1.0,0.33299999999999996,0.4534746760895171,1.0
C12D12.5a.1,0.33299999999999996,1.0,0.33299999999999996,0.33299999999999996,0.33771008403361347,0.33299999999999996,1.0,0.3495539334955393,0.33299999999999996
ENSEBUT00000000933,0.4534746760895171,0.3495539334955393,0.45135983263598334,0.45633136094674553,0.45633136094674553,0.4534746760895171,0.3495539334955393,1.0,0.4534746760895171
ENSEBUT00000019980,1.0,0.3369659982563209,1.0,1.0,1.0,1.0,0.33299999999999996,0.4534746760895171,1.0
