,ENSFDAT00000003104,ENSACIT00000008875,ENSSDAT00000031084,ENSCAPT00000020642,ENSSPAT00000027123,ENSTSYT00000044666,ENSLCRT00005003697,ENSPNYT00000028566,ENSNBRT00000020526
ENSFDAT00000003104,1.0,0.4138767588549248,0.7941616766467066,0.8537170263788969,0.39059500959692905,0.7867647058823529,0.4248166259168704,0.37923839332290044,0.3798798798798799
ENSACIT00000008875,0.4138767588549248,1.0,0.43622641509433957,0.418705035971223,0.7878228782287823,0.40130587644399807,0.7773255813953488,0.8917551846231664,0.7935578330893118
ENSSDAT00000031084,0.7941616766467066,0.43622641509433957,1.0,0.780377358490566,0.3886792452830189,0.843558282208589,0.44321940463065057,0.41774193548387095,0.43547169811320763
ENSCAPT00000020642,0.8537170263788969,0.418705035971223,0.780377358490566,1.0,0.41007194244604317,0.7858527131782945,0.41915802318486883,0.38176197836166925,0.3877349159248269
ENSSPAT00000027123,0.39059500959692905,0.7878228782287823,0.3886792452830189,0.41007194244604317,1.0,0.3490063015026661,0.7887161773172136,0.7653465346534654,0.7038095238095238
ENSTSYT00000044666,0.7867647058823529,0.40130587644399807,0.843558282208589,0.7858527131782945,0.3490063015026661,1.0,0.4177777777777778,0.4250576479631053,0.3748047891723061
ENSLCRT00005003697,0.4248166259168704,0.7773255813953488,0.44321940463065057,0.41915802318486883,0.7887161773172136,0.4177777777777778,1.0,0.7416563658838071,0.6454159077109897
ENSPNYT00000028566,0.37923839332290044,0.8917551846231664,0.41774193548387095,0.38176197836166925,0.7653465346534654,0.4250576479631053,0.7416563658838071,1.0,0.8631256384065373
ENSNBRT00000020526,0.3798798798798799,0.7935578330893118,0.43547169811320763,0.3877349159248269,0.7038095238095238,0.3748047891723061,0.6454159077109897,0.8631256384065373,1.0
