,ENSRBIT00000064734,ENSMFAT00000064494,ENSMNET00000030725,ENSMLET00000040550,ENSCATT00000025674,ENSRROT00000045509
ENSRBIT00000064734,1.0,0.9799537393986122,0.9826723142087024,0.9773232547799022,0.9686653771760154,1.0
ENSMFAT00000064494,0.9799537393986122,1.0,0.9969230769230769,0.9719466301744782,0.980597474591931,0.9787760877255041
ENSMNET00000030725,0.9826723142087024,0.9969230769230769,1.0,0.9743677375256322,0.9827692307692307,0.9812720848056538
ENSMLET00000040550,0.9773232547799022,0.9719466301744782,0.9743677375256322,1.0,0.9893434169817806,0.9779116465863453
ENSCATT00000025674,0.9686653771760154,0.980597474591931,0.9827692307692307,0.9893434169817806,1.0,0.9713375796178344
ENSRROT00000045509,1.0,0.9787760877255041,0.9812720848056538,0.9779116465863453,0.9713375796178344,1.0
