	ENSCABT00000015367	ENSSMRT00000004767	ENSPTET00000019827	ENSNSUT00000004540	ENSPVIT00000028501	ENSGAGT00000016885
ENSCABT00000015367	1.0	0.7411740972362316	0.2521212121212122	0.7110147266491831	0.7346177123260036	0.9813395198708896
ENSSMRT00000004767	0.7411740972362316	1.0	0.28626720183486243	0.7322352444303664	0.7719353816914792	0.7422816074501468
ENSPTET00000019827	0.2521212121212122	0.28626720183486243	1.0	0.30158490566037743	0.31123221313957017	0.25277101919437683
ENSNSUT00000004540	0.7110147266491831	0.7322352444303664	0.30158490566037743	1.0	0.8185786233911584	0.7172790768296387
ENSPVIT00000028501	0.7346177123260036	0.7719353816914792	0.31123221313957017	0.8185786233911584	1.0	0.7353983196679826
ENSGAGT00000016885	0.9813395198708896	0.7422816074501468	0.25277101919437683	0.7172790768296387	0.7353983196679826	1.0
