	ENSSPUT00000005120	ENSTSYT00000037427	ENSPVIT00000030519	ENSTSYT00000026174	ENSUAMT00000027421	ENSUAMT00000027422	ENSTSYT00000038172	ENSTSYT00000048310	ENSCCNT00000009158
ENSSPUT00000005120	1.0	0.6071641791044776	0.7492537313432835	0.6071641791044776	0.6118249242661653	0.6118249242661653	0.6196026490066225	0.6153335986205067	0.593693978698724
ENSTSYT00000037427	0.6071641791044776	1.0	0.5804965066151331	1.0	0.7108367626886145	0.7191565110228673	0.9952920830130668	1.0	0.7585883822610868
ENSPVIT00000030519	0.7492537313432835	0.5804965066151331	1.0	0.5804965066151331	0.5778350515463917	0.5796250515039143	0.5877561744613767	0.6022084567734985	0.5879262387967447
ENSTSYT00000026174	0.6071641791044776	1.0	0.5804965066151331	1.0	0.7108367626886145	0.7191565110228673	0.9952592879256966	1.0	0.7585883822610868
ENSUAMT00000027421	0.6118249242661653	0.7108367626886145	0.5778350515463917	0.7108367626886145	1.0	0.9841603053435114	0.67	0.7480098422347663	0.7483386923901393
ENSUAMT00000027422	0.6118249242661653	0.7191565110228673	0.5796250515039143	0.7191565110228673	0.9841603053435114	1.0	0.6842105263157895	0.7480098422347663	0.7483386923901393
ENSTSYT00000038172	0.6196026490066225	0.9952920830130668	0.5877561744613767	0.9952592879256966	0.67	0.6842105263157895	1.0	0.994154837170464	0.7569321533923303
ENSTSYT00000048310	0.6153335986205067	1.0	0.6022084567734985	1.0	0.7480098422347663	0.7480098422347663	0.994154837170464	1.0	0.7693284648356882
ENSCCNT00000009158	0.593693978698724	0.7585883822610868	0.5879262387967447	0.7585883822610868	0.7483386923901393	0.7483386923901393	0.7569321533923303	0.7693284648356882	1.0
