,ENSPANT00000046563,ENSMLET00000021465,ENSRBIT00000044690,ENSPPAT00000007067,ENSCATT00000026334,ENSMFAT00000062059,ENSTGET00000035845
ENSPANT00000046563,1.0,0.9930580928023384,0.9200581395348837,0.9291194738765072,0.9896437448218725,0.9896437448218725,0.9970770917062477
ENSMLET00000021465,0.9930580928023384,1.0,0.9131540697674418,0.9333089043605717,0.9858569051580699,0.9858569051580699,0.9915843395536041
ENSRBIT00000044690,0.9200581395348837,0.9131540697674418,1.0,0.9135174418604651,0.9022680412371133,0.9022680412371133,0.9171511627906976
ENSPPAT00000007067,0.9291194738765072,0.9333089043605717,0.9135174418604651,1.0,0.9188069594034797,0.9188069594034797,0.9275521405049396
ENSCATT00000026334,0.9896437448218725,0.9858569051580699,0.9022680412371133,0.9188069594034797,1.0,1.0,0.9879668049792532
ENSMFAT00000062059,0.9896437448218725,0.9858569051580699,0.9022680412371133,0.9188069594034797,1.0,1.0,0.9879668049792532
ENSTGET00000035845,0.9970770917062477,0.9915843395536041,0.9171511627906976,0.9275521405049396,0.9879668049792532,0.9879668049792532,1.0
