	ENSACIT00000016392	ENSLCAT00010013857	ENSPNYT00000008223	ENSPNYT00000014424	ENSNBRT00000005416	ENSPRNT00000049235
ENSACIT00000016392	1.0	0.6720901126408011	0.8112350268484098	0.6864268192968112	0.7168968318440292	0.5876923076923077
ENSLCAT00010013857	0.6720901126408011	1.0	0.6614285714285715	0.6152328334648777	0.6563786008230452	0.7261467889908257
ENSPNYT00000008223	0.8112350268484098	0.6614285714285715	1.0	0.7021354933726067	0.7368770764119601	0.6942622950819672
ENSPNYT00000014424	0.6864268192968112	0.6152328334648777	0.7021354933726067	1.0	0.6926199261992619	0.6351717902350814
ENSNBRT00000005416	0.7168968318440292	0.6563786008230452	0.7368770764119601	0.6926199261992619	1.0	0.63507326007326
ENSPRNT00000049235	0.5876923076923077	0.7261467889908257	0.6942622950819672	0.6351717902350814	0.63507326007326	1.0
