,FBtr0330150,FBtr0307300,FBtr0113024,ENSCINT00000031406,FBtr0306640,FBtr0082288,FBtr0332600,T14G10.6.1
FBtr0330150,1.0,0.4271133791879299,0.41426113553813804,0.3832179930795847,1.0,1.0,0.41556054727384106,0.27151979565772666
FBtr0307300,0.4271133791879299,1.0,1.0,0.3551756885090218,0.4289133556725706,0.4289133556725706,1.0,0.3306691025348253
FBtr0113024,0.41426113553813804,1.0,1.0,0.3551756885090218,0.4149326805385557,0.4149326805385557,1.0,0.3279714030384271
ENSCINT00000031406,0.3832179930795847,0.3551756885090218,0.3551756885090218,1.0,0.40745460337687156,0.40745460337687156,0.35895970277222067,0.38499220663549316
FBtr0306640,1.0,0.4289133556725706,0.4149326805385557,0.40745460337687156,1.0,1.0,0.41556054727384106,0.28276631344116
FBtr0082288,1.0,0.4289133556725706,0.4149326805385557,0.40745460337687156,1.0,1.0,0.41556054727384106,0.28276631344116
FBtr0332600,0.41556054727384106,1.0,1.0,0.35895970277222067,0.41556054727384106,0.41556054727384106,1.0,0.33402061855670095
T14G10.6.1,0.27151979565772666,0.3306691025348253,0.3279714030384271,0.38499220663549316,0.28276631344116,0.28276631344116,0.33402061855670095,1.0
