	ENSUAMT00000011591	ENSUMAT00000016818	ENSVURT00010031792	ENSMODT00000041982	ENSPCIT00000041996	ENSPVAT00000017746	ENSMLUT00000009611	ENSSHAT00000018586	ENSAMET00000018007
ENSUAMT00000011591	1.0	0.9341711549970078	0.3957264957264957	0.4435659760087241	0.3988321167883211	0.7688888888888888	0.7443985480035048	0.435562805872757	0.9235836627140976
ENSUMAT00000016818	0.9341711549970078	1.0	0.42040871201936	0.4802908534251818	0.4207484865162355	0.8112826603325416	0.7662505887894488	0.4592445328031809	0.98147095600773
ENSVURT00010031792	0.3957264957264957	0.42040871201936	1.0	0.7189467658843732	0.9335217132659132	0.3944195176668537	0.4346500346500346	0.7727984957693513	0.4182208506641621
ENSMODT00000041982	0.4435659760087241	0.4802908534251818	0.7189467658843732	1.0	0.7269519188354654	0.4719520319786809	0.4793039810176642	0.7195279663756871	0.4785987261146497
ENSPCIT00000041996	0.3988321167883211	0.4207484865162355	0.9335217132659132	0.7269519188354654	1.0	0.3983903420523138	0.4287132926656263	0.7734252585396427	0.4172276411595
ENSPVAT00000017746	0.7688888888888888	0.8112826603325416	0.3944195176668537	0.4719520319786809	0.3983903420523138	1.0	0.8489640799313473	0.4657913931436908	0.8054631828978622
ENSMLUT00000009611	0.7443985480035048	0.7662505887894488	0.4346500346500346	0.4793039810176642	0.4287132926656263	0.8489640799313473	1.0	0.4920939855179548	0.7691129697255271
ENSSHAT00000018586	0.435562805872757	0.4592445328031809	0.7727984957693513	0.7195279663756871	0.7734252585396427	0.4657913931436908	0.4920939855179548	1.0	0.4639160640862045
ENSAMET00000018007	0.9235836627140976	0.98147095600773	0.4182208506641621	0.4785987261146497	0.4172276411595	0.8054631828978622	0.7691129697255271	0.4639160640862045	1.0
