	ENSIPUT00000024496	ENSPKIT00000004044	ENSIPUT00000024528	ENSPKIT00000032867	ENSIPUT00000024611	ENSPKIT00000032904	ENSSFOT00015035017	ENSCHAT00000049246	ENSCHAT00000049262	ENSIPUT00000024565	ENSIPUT00000024581	ENSHHUT00000083269	ENSDART00000161753	ENSDART00000160711	ENSPNAT00000037256	ENSHHUT00000083288	ENSDCDT00000014588	ENSDCDT00000014606	ENSSFOT00015034970	ENSDART00000161289	ENSCHAT00000049457	ENSPKIT00000032895	ENSPKIT00000003981	ENSPKIT00000032915	ENSHHUT00000083476	ENSELUT00000032269	ENSCHAT00000049432	ENSHHUT00000083481	ENSDART00000162834	ENSDCDT00000014987	ENSSFOT00015035002	ENSCHAT00000049332	ENSSFOT00015034984	ENSPNAT00000037238	ENSHHUT00000083238	ENSCHAT00000049372	ENSDART00000159899	ENSEEET00000035044	ENSPNAT00000021936	ENSCHAT00000049303	ENSDCDT00000014602	ENSDCDT00000014613	ENSDCDT00000014803	ENSHHUT00000083468	ENSHHUT00000041931	ENSELUT00000032274	ENSPKIT00000032885	ENSSFOT00015002307	ENSCHAT00000049485	ENSAMXT00000048268	ENSHHUT00000083501	ENSPNAT00000022015	ENSDCDT00000014868	ENSCHAT00000049399	ENSPKIT00000004012	ENSHHUT00000083285	ENSAMXT00000033115
ENSIPUT00000024496	1.0	0.7929238985313751	1.0	0.7731984829329962	1.0	0.7907847372210223	0.8173076923076923	0.8282597666159309	0.8229218516674963	1.0	1.0	0.8097319003188851	0.8322802986789202	0.832042957042957	0.9032655576093652	0.8085664335664335	0.8265364732912119	0.8246753246753247	0.8173076923076923	0.8290250070244449	0.8253886010362694	0.7907847372210223	0.8003565062388592	0.7731984829329962	0.8194746771150776	0.8343949044585988	0.8282597666159309	0.8194746771150776	0.8290250070244449	0.8203538680098154	0.8173076923076923	0.8308776425368354	0.8176725235548765	0.8828170098133539	0.8085664335664335	0.8282597666159309	0.8322802986789202	0.8821897073662966	0.8938097634625063	0.8269622528460155	0.8221205921290168	0.8214019943443965	0.8246753246753247	0.7986695117359106	0.8334591194968554	0.8124525436598331	0.7907847372210223	0.5581481481481482	0.8244847823119967	0.8739393939393939	0.8095238095238095	0.8828170098133539	0.8246753246753247	0.8291304347826087	0.7996148754362741	0.8106580055335018	0.8136238951539165
ENSPKIT00000004044	0.7929238985313751	1.0	0.7929238985313751	0.780551741355636	0.7935578330893118	0.7958137548056387	0.8594750722089665	0.7909250438706442	0.7915260592425947	0.7912792158833878	0.7929238985313751	0.8042088438998402	0.808037622915776	0.8078426427940991	0.8439169139465875	0.8042088438998402	0.8137450199203188	0.8110814419225634	0.8594750722089665	0.808037622915776	0.7871634554038535	0.7958137548056387	1.0	0.780551741355636	0.8112018335482023	0.8787096774193548	0.7915260592425947	0.8112018335482023	0.808037622915776	0.8078101071975498	0.8594750722089665	0.7937389548093916	0.8594750722089665	0.7960687960687961	0.8051230537418382	0.7890759644703699	0.808037622915776	0.7652947719688543	0.8120321596894926	0.7890759644703699	0.8110814419225634	0.8079646017699115	0.8133182275931521	0.8043119847812302	0.8276530894984759	0.8257744733581165	0.7958137548056387	0.5603703703703704	0.7827780763030628	0.7944373401534527	0.8051230537418382	0.7960687960687961	0.8133182275931521	0.7851015155847869	1.0	0.8042088438998402	0.7157604955264969
ENSIPUT00000024528	1.0	0.7929238985313751	1.0	0.7731984829329962	1.0	0.7907847372210223	0.8176725235548765	0.8282597666159309	0.8282597666159309	1.0	1.0	0.8106580055335018	0.8322802986789202	0.8349885408708938	0.9032655576093652	0.8095238095238095	0.8265364732912119	0.8246753246753247	0.8176725235548765	0.8322802986789202	0.8253886010362694	0.7907847372210223	0.8003565062388592	0.7731984829329962	0.8194746771150776	0.8343949044585988	0.8282597666159309	0.8194746771150776	0.8322802986789202	0.8203538680098154	0.8176725235548765	0.8308776425368354	0.8176725235548765	0.8828170098133539	0.8095238095238095	0.8282597666159309	0.8322802986789202	0.8821897073662966	0.8938097634625063	0.8269622528460155	0.8221205921290168	0.8214019943443965	0.8246753246753247	0.7986695117359106	0.8334591194968554	0.8124525436598331	0.7907847372210223	0.5581481481481482	0.8244847823119967	0.8739393939393939	0.8095238095238095	0.8828170098133539	0.8246753246753247	0.8291304347826087	0.7996148754362741	0.8106580055335018	0.8136238951539165
ENSPKIT00000032867	0.7731984829329962	0.780551741355636	0.7731984829329962	1.0	0.7738560443716123	1.0	0.8036289841231945	0.7826191046205411	0.7832159484302256	0.7717261192243237	0.7731984829329962	0.7715870414723308	0.7877611140867702	0.7785603437984959	0.8108441158348737	0.7715870414723308	0.7758435993572577	0.7592335812429094	0.8036289841231945	0.7877611140867702	0.7804699866065993	1.0	0.7808284588754925	1.0	0.7881986737041549	0.7961290322580645	0.7832159484302256	0.7881986737041549	0.7877611140867702	0.7568646425547357	0.8036289841231945	0.7844058809351651	0.8036289841231945	0.8075498324219439	0.7768891011101826	0.7820496659523509	0.7877611140867702	0.7899874843554443	0.8045056320400501	0.7820496659523509	0.7592335812429094	0.7724376731301941	0.7610122955712069	0.7776169802219006	0.8005006257822278	0.8127956747015094	1.0	0.5685185185185185	0.7826531917615454	0.7804364183596689	0.7768891011101826	0.8075498324219439	0.7610122955712069	0.7907700636080659	0.7766292701374007	0.7715870414723308	0.7296025952960259
ENSIPUT00000024611	1.0	0.7935578330893118	1.0	0.7738560443716123	1.0	0.7907847372210223	0.81820490034277	0.8295354400100717	0.8287593271784495	1.0	1.0	0.8125074449076831	0.8322802986789202	0.8366935483870968	0.9066587395957194	0.811491935483871	0.8265364732912119	0.8251872540307224	0.8181703629032258	0.8336893065641464	0.8259072710835593	0.7907847372210223	0.8009394439507427	0.7738560443716123	0.8194746771150776	0.8459715639810427	0.8300276173738388	0.8210071942446043	0.8336893065641464	0.8208859129539017	0.8181703629032258	0.8326359832635983	0.8181703629032258	0.8841324200913242	0.811491935483871	0.8287593271784495	0.8322802986789202	0.8822067594433399	0.8938097634625063	0.8274378585086042	0.8226116178588574	0.8214019943443965	0.8251008064516129	0.80987812700449	0.8334591194968554	0.8124525436598331	0.7907847372210223	0.5558366461872064	0.8250340136054422	0.8743771704665559	0.811491935483871	0.8841324200913242	0.8207711442786071	0.8291304347826087	0.8001680268843014	0.8125074449076831	0.8136238951539165
ENSPKIT00000032904	0.7907847372210223	0.7958137548056387	0.7907847372210223	1.0	0.7907847372210223	1.0	0.8181079983759643	0.7907700636080659	0.7907700636080659	0.7880633373934226	0.7907847372210223	0.7828653707703384	0.7854919474895115	0.7854919474895115	0.8108441158348737	0.7828653707703384	0.7734470158343484	0.7722102231821454	0.8181079983759643	0.7854919474895115	0.7878200692041523	1.0	0.7953714981729598	1.0	0.7881986737041549	0.7961290322580645	0.7907700636080659	0.7881986737041549	0.7854919474895115	0.7683439576834395	0.8181079983759643	0.7922024623803009	0.8181079983759643	0.8075498324219439	0.7881986737041549	0.7899208063354931	0.7854919474895115	0.7899874843554443	0.8045056320400501	0.7899208063354931	0.7722102231821454	0.7724376731301941	0.7734470158343484	0.7881986737041549	0.8005006257822278	0.8127956747015094	1.0	0.5685185185185185	0.7907453507102065	0.7864592540215662	0.7881986737041549	0.8075498324219439	0.7734470158343484	0.7888515782404298	0.79150467962563	0.7828653707703384	0.7296025952960259
ENSSFOT00015035017	0.8173076923076923	0.8594750722089665	0.8176725235548765	0.8036289841231945	0.81820490034277	0.8181079983759643	1.0	0.8251018940302086	0.8234949636917309	0.8160298005287191	0.8173076923076923	0.8227108957634489	0.8132416396979504	0.8163265306122449	0.8040665434380776	0.8227108957634489	0.8283441208198491	0.8323596647193294	1.0	0.8109393579072532	0.8220948664796977	0.8181079983759643	0.8625660740028832	0.8036289841231945	0.8242820198720566	0.8709677419354839	0.8255827854154214	0.8242820198720566	0.8109393579072532	0.8279766252739226	1.0	0.8280231716147719	1.0	0.8322728879462707	0.8238683127572016	0.8238269887441507	0.8132416396979504	0.7971781305114638	0.8243583291394061	0.8238269887441507	0.8323596647193294	0.8253171615781403	0.8327727054300816	0.820385407829354	0.8208805031446541	0.8167006109979633	0.8181079983759643	0.5674074074074074	0.8218493852459017	0.8330061905480899	0.8210084033613445	0.8322728879462707	0.8327727054300816	0.8180212014134276	0.8561087122174245	0.8196596393192787	0.7644844517184942
ENSCHAT00000049246	0.8282597666159309	0.7909250438706442	0.8282597666159309	0.7826191046205411	0.8295354400100717	0.7907700636080659	0.8251018940302086	1.0	1.0	0.8324142891392952	0.8282597666159309	0.8344178480130142	0.8227780018824795	0.8238084730803178	0.8643707482993197	0.8344178480130142	0.8574694097082157	0.8578132927447996	0.8260150044130626	0.8189729133472239	1.0	0.7907700636080659	0.7941740589786622	0.7826191046205411	0.8453384071758631	0.8523178807947019	1.0	0.8398514851485148	0.8189729133472239	0.8575072886297376	0.8253067839777727	1.0	0.8260150044130626	0.8614202853111773	0.8360547219770521	1.0	0.8227780018824795	0.8148227253310552	0.8510317060895822	1.0	0.8578132927447996	0.8525525107803589	0.8615401588702559	0.8394882935071204	0.8389937106918239	0.823516085183507	0.7907700636080659	0.5181398416886543	0.9970456005138086	0.8463636363636363	0.8360547219770521	0.8614202853111773	0.8642046770085668	1.0	0.7919837645865043	0.8344178480130142	0.7756535947712418
ENSCHAT00000049262	0.8229218516674963	0.7915260592425947	0.8282597666159309	0.7832159484302256	0.8287593271784495	0.7907700636080659	0.8234949636917309	1.0	1.0	0.8324142891392952	0.8229218516674963	0.8362623762376238	0.8227780018824795	0.8211811670776095	0.8687116564417178	0.8362623762376238	0.8574694097082157	0.8582268875679777	0.8234949636917309	0.8151271577282909	1.0	0.7907700636080659	0.7947399880454273	0.7832159484302256	0.8453384071758631	0.868020304568528	1.0	0.8453384071758631	0.8151271577282909	0.8579043004239855	0.8234949636917309	1.0	0.8255827854154214	0.8621420996818664	0.8379011478097915	1.0	0.8227780018824795	0.8191220988900101	0.8510317060895822	1.0	0.8582268875679777	0.8525525107803589	0.8622833233711895	0.8394882935071204	0.8389937106918239	0.823516085183507	0.7907700636080659	0.5403703703703704	0.9970543032786884	0.8468971765061151	0.8410041841004184	0.8621420996818664	0.8622833233711895	1.0	0.7925888453269255	0.8395092955608954	0.7756535947712418
ENSIPUT00000024565	1.0	0.7912792158833878	1.0	0.7717261192243237	1.0	0.7880633373934226	0.8160298005287191	0.8324142891392952	0.8324142891392952	1.0	1.0	0.8095238095238095	0.8358449946178687	0.8380197068012497	0.9032655576093652	0.8095238095238095	0.8275026910656621	0.8246753246753247	0.8160298005287191	0.8358449946178687	0.8297872340425532	0.7880633373934226	0.7983657774573419	0.7717261192243237	0.8200734394124847	0.8343949044585988	0.8324142891392952	0.8200734394124847	0.8358449946178687	0.8215808062355376	0.8160298005287191	0.8349267820404211	0.8160298005287191	0.8856486390950866	0.8100216294160058	0.8282597666159309	0.8358449946178687	0.8821897073662966	0.8938097634625063	0.8282597666159309	0.8246753246753247	0.8227354946431056	0.8256428743090604	0.8002372479240807	0.8334591194968554	0.8105906313645621	0.7880633373934226	0.5581481481481482	0.8291586384071933	0.8739393939393939	0.8100216294160058	0.8856486390950866	0.8256428743090604	0.8337863549877684	0.8003565062388592	0.8095238095238095	0.804582651391162
ENSIPUT00000024581	1.0	0.7929238985313751	1.0	0.7731984829329962	1.0	0.7907847372210223	0.8173076923076923	0.8282597666159309	0.8229218516674963	1.0	1.0	0.8085664335664335	0.8322802986789202	0.832042957042957	0.9032655576093652	0.8085664335664335	0.8265364732912119	0.8246753246753247	0.8173076923076923	0.8290250070244449	0.8253886010362694	0.7907847372210223	0.8003565062388592	0.7731984829329962	0.8194746771150776	0.8343949044585988	0.8282597666159309	0.8194746771150776	0.8290250070244449	0.8203538680098154	0.8173076923076923	0.8308776425368354	0.8176725235548765	0.8828170098133539	0.8085664335664335	0.8282597666159309	0.8322802986789202	0.8821897073662966	0.8938097634625063	0.8282597666159309	0.8246753246753247	0.8214019943443965	0.8246753246753247	0.7986695117359106	0.8334591194968554	0.8124525436598331	0.7907847372210223	0.5581481481481482	0.8244847823119967	0.8739393939393939	0.8095238095238095	0.8828170098133539	0.8246753246753247	0.8291304347826087	0.8003565062388592	0.8095238095238095	0.804582651391162
ENSHHUT00000083269	0.8097319003188851	0.8042088438998402	0.8106580055335018	0.7715870414723308	0.8125074449076831	0.7828653707703384	0.8227108957634489	0.8344178480130142	0.8362623762376238	0.8095238095238095	0.8085664335664335	1.0	0.8147776183644191	0.8104335888342294	0.8212457337883959	1.0	0.8281205164992826	0.8208026416052832	0.8242768009075441	0.8127772848269743	0.8368849283223557	0.7828653707703384	0.8035306070612142	0.7715870414723308	1.0	0.9159120310478654	0.8348655882695217	1.0	0.8115350261579686	0.8164369444802267	0.8220521406362115	0.836374269005848	0.8214327045480847	0.8327137546468402	1.0	0.8395092955608954	0.8147776183644191	0.8131140538231525	0.846250629089079	0.8457217973231358	0.8229366602687141	0.8251748251748252	0.8176313031326423	1.0	0.9335849056603772	0.908678102926337	0.7828653707703384	0.5313324538258575	0.8389115646258504	0.8351200362373546	1.0	0.8327137546468402	0.819718309859155	0.8439130434782609	0.8024232245681382	1.0	0.7810074570080657
ENSDART00000161753	0.8322802986789202	0.808037622915776	0.8322802986789202	0.7877611140867702	0.8322802986789202	0.7854919474895115	0.8132416396979504	0.8227780018824795	0.8227780018824795	0.8358449946178687	0.8322802986789202	0.8147776183644191	1.0	1.0	0.8995686999383857	0.8147776183644191	0.8327723172209506	0.8323965989335639	0.8132416396979504	1.0	0.8187817956826619	0.7854919474895115	0.8110855129421329	0.7877611140867702	0.8132571117462909	0.9019354838709678	0.8227780018824795	0.8132571117462909	1.0	0.8271791352093343	0.8132416396979504	0.8246806197336233	0.8132416396979504	0.8435843054082715	0.8152437382170752	0.8196016621292449	1.0	0.8244197780020182	0.8610971313537997	0.8196016621292449	0.8323965989335639	0.8281315605318404	0.8328148248343027	0.8152437382170752	0.8088050314465409	0.8067303319690768	0.7854919474895115	0.5451851851851852	0.8156976744186046	0.8203371970495258	0.8152437382170752	0.8435843054082715	0.8328148248343027	0.8208752378363686	0.8084246970571264	0.8147776183644191	0.7545008183306056
ENSDART00000160711	0.832042957042957	0.8078426427940991	0.8349885408708938	0.7785603437984959	0.8366935483870968	0.7854919474895115	0.8163265306122449	0.8238084730803178	0.8211811670776095	0.8380197068012497	0.832042957042957	0.8104335888342294	1.0	1.0	0.9023037542662116	0.8104335888342294	0.8328148248343027	0.8360280076384469	0.8182114882506527	1.0	0.8246555298134374	0.7854919474895115	0.8091970627181895	0.7785603437984959	0.8132571117462909	0.8626925653047556	0.8233407079646018	0.8116625310173697	1.0	0.8312400926716255	0.8150216548894461	0.8258214920071048	0.8202234760482354	0.8509170716413231	0.811025334348157	0.8255975717718478	1.0	0.8240068346860316	0.8610971313537997	0.8255975717718478	0.8360280076384469	0.8281315605318404	0.8308050049828369	0.8128711671312568	0.8088050314465409	0.8067303319690768	0.7854919474895115	0.5184696569920845	0.8222336065573771	0.8345160803261362	0.8122304544951896	0.8509170716413231	0.8301207617278217	0.8208752378363686	0.8080795208359883	0.8116920926982648	0.7545008183306056
ENSPNAT00000037256	0.9032655576093652	0.8439169139465875	0.9032655576093652	0.8108441158348737	0.9066587395957194	0.8108441158348737	0.8040665434380776	0.8643707482993197	0.8687116564417178	0.9032655576093652	0.9032655576093652	0.8212457337883959	0.8995686999383857	0.9023037542662116	1.0	0.8212457337883959	0.8367221195317314	0.8367221195317314	0.8331911262798635	0.9023037542662116	0.8581173260572987	0.8108441158348737	0.8453481207640172	0.8108441158348737	0.8398028342575478	0.8504983388704319	0.8616052060737527	0.8212457337883959	0.9023037542662116	0.82	0.8206860706860707	0.8643707482993197	0.8331911262798635	1.0	0.8212457337883959	0.8687116564417178	0.8995686999383857	0.8843856655290102	1.0	0.8687116564417178	0.8367221195317314	0.8367221195317314	0.8323378839590444	0.8398028342575478	0.8412990196078431	0.8416512630930376	0.8108441158348737	0.6785891703924489	0.8519230769230769	0.9434954007884364	0.8212457337883959	1.0	0.8279625779625779	0.8687116564417178	0.8453481207640172	0.8212457337883959	0.5973295853829936
ENSHHUT00000083288	0.8085664335664335	0.8042088438998402	0.8095238095238095	0.7715870414723308	0.811491935483871	0.7828653707703384	0.8227108957634489	0.8344178480130142	0.8362623762376238	0.8095238095238095	0.8085664335664335	1.0	0.8147776183644191	0.8104335888342294	0.8212457337883959	1.0	0.8281205164992826	0.8208026416052832	0.8242768009075441	0.8127772848269743	0.8368849283223557	0.7828653707703384	0.8035306070612142	0.7715870414723308	1.0	0.9159120310478654	0.8348655882695217	1.0	0.8115350261579686	0.8164369444802267	0.8220521406362115	0.836374269005848	0.8214327045480847	0.8327137546468402	1.0	0.8395092955608954	0.8147776183644191	0.8131140538231525	0.846250629089079	0.8395092955608954	0.8208026416052832	0.8251748251748252	0.8176313031326423	1.0	0.9335849056603772	0.908678102926337	0.7828653707703384	0.5313324538258575	0.8389115646258504	0.8351200362373546	1.0	0.8327137546468402	0.819718309859155	0.8439130434782609	0.8035306070612142	1.0	0.7780687397708674
ENSDCDT00000014588	0.8265364732912119	0.8137450199203188	0.8265364732912119	0.7758435993572577	0.8265364732912119	0.7734470158343484	0.8283441208198491	0.8574694097082157	0.8574694097082157	0.8275026910656621	0.8265364732912119	0.8281205164992826	0.8327723172209506	0.8328148248343027	0.8367221195317314	0.8281205164992826	1.0	1.0	0.8283441208198491	0.8327723172209506	0.8552179293276502	0.7734470158343484	0.8196943054240498	0.7758435993572577	0.8282292092010345	0.8374193548387097	0.8574694097082157	0.8282292092010345	0.8327723172209506	0.9968428277282086	0.8283441208198491	0.8605599347648818	0.8283441208198491	0.8363379285966772	0.8300565580393213	0.8525576730190572	0.8327723172209506	0.8181130171543896	0.8215903371917463	0.8525576730190572	1.0	1.0	1.0	0.8300565580393213	0.82062893081761	0.8108231014097317	0.7734470158343484	0.5092592592592593	0.8520348837209303	0.8301721109940288	0.8300565580393213	0.8363379285966772	1.0	0.8559391138896439	0.8176970745064129	0.8281205164992826	0.7636661211129296
ENSDCDT00000014606	0.8246753246753247	0.8110814419225634	0.8246753246753247	0.7592335812429094	0.8251872540307224	0.7722102231821454	0.8323596647193294	0.8578132927447996	0.8582268875679777	0.8246753246753247	0.8246753246753247	0.8208026416052832	0.8323965989335639	0.8360280076384469	0.8367221195317314	0.8208026416052832	1.0	1.0	0.8323596647193294	0.8323965989335639	0.8561281157174222	0.7722102231821454	0.8168045830681094	0.7592335812429094	0.8261500507908867	0.8374193548387097	0.8582268875679777	0.8261500507908867	0.8323965989335639	0.997031108816316	0.8323596647193294	0.8611394992335207	0.8323596647193294	0.8322108908985953	0.8208026416052832	0.8582268875679777	0.8323965989335639	0.8181130171543896	0.8215903371917463	0.8582268875679777	1.0	1.0	1.0	0.8189865298268121	0.82062893081761	0.8050697084917617	0.7722102231821454	0.5092592592592593	0.8531972789115646	0.8330061905480899	0.8208026416052832	0.8322108908985953	1.0	0.8508695652173913	0.8168045830681094	0.8208026416052832	0.7636661211129296
ENSSFOT00015034970	0.8173076923076923	0.8594750722089665	0.8176725235548765	0.8036289841231945	0.8181703629032258	0.8181079983759643	1.0	0.8260150044130626	0.8234949636917309	0.8160298005287191	0.8173076923076923	0.8242768009075441	0.8132416396979504	0.8182114882506527	0.8331911262798635	0.8242768009075441	0.8283441208198491	0.8323596647193294	1.0	0.8146593090211133	0.8220948664796977	0.8181079983759643	0.8625660740028832	0.8036289841231945	0.8242820198720566	0.8857142857142857	0.8270909291790962	0.8248138957816377	0.8134958957025592	0.8279766252739226	1.0	0.8287078152753108	1.0	0.8397868004389403	0.8253505933117583	0.8238269887441507	0.8132416396979504	0.8033731853116994	0.8243583291394061	0.8238269887441507	0.8323596647193294	0.8253171615781403	0.8367076003982742	0.820385407829354	0.8208805031446541	0.8167006109979633	0.8181079983759643	0.5366094986807388	0.8218493852459017	0.8330061905480899	0.8224278475435118	0.8397868004389403	0.8340099756408771	0.8180212014134276	0.8561087122174245	0.8203516125276517	0.7644844517184942
ENSDART00000161289	0.8290250070244449	0.808037622915776	0.8322802986789202	0.7877611140867702	0.8336893065641464	0.7854919474895115	0.8109393579072532	0.8189729133472239	0.8151271577282909	0.8358449946178687	0.8290250070244449	0.8127772848269743	1.0	1.0	0.9023037542662116	0.8127772848269743	0.8327723172209506	0.8323965989335639	0.8146593090211133	1.0	0.8187817956826619	0.7854919474895115	0.8110855129421329	0.7877611140867702	0.8132571117462909	0.8673139158576052	0.8181706266157823	0.8116625310173697	1.0	0.8271791352093343	0.8100976785487759	0.8206683168316832	0.8168153488940486	0.8509170716413231	0.8133013780707009	0.8196016621292449	1.0	0.8240068346860316	0.8610971313537997	0.8196016621292449	0.8323965989335639	0.8281315605318404	0.8283351844995681	0.8152437382170752	0.8088050314465409	0.8067303319690768	0.7854919474895115	0.5184696569920845	0.8156976744186046	0.8203371970495258	0.8142892096892587	0.8509170716413231	0.8274336283185841	0.8208752378363686	0.8084246970571264	0.8129636860601328	0.7545008183306056
ENSCHAT00000049457	0.8253886010362694	0.7871634554038535	0.8253886010362694	0.7804699866065993	0.8259072710835593	0.7878200692041523	0.8220948664796977	1.0	1.0	0.8297872340425532	0.8253886010362694	0.8368849283223557	0.8187817956826619	0.8246555298134374	0.8581173260572987	0.8368849283223557	0.8552179293276502	0.8561281157174222	0.8220948664796977	0.8187817956826619	1.0	0.7878200692041523	0.790635288379466	0.7804699866065993	0.8426466499860995	0.8333333333333334	1.0	0.8426466499860995	0.8187817956826619	0.8597329413205931	0.8220948664796977	1.0	0.8220948664796977	0.859275441470963	0.8385562736251677	1.0	0.8187817956826619	0.8153603366649133	0.8464163822525598	1.0	0.8561281157174222	0.8501067615658363	0.8603828801365687	0.836985964048264	0.8396325459317585	0.8167058823529412	0.7878200692041523	0.5157728706624606	1.0	0.8440693713223908	0.8385562736251677	0.859275441470963	0.8603828801365687	1.0	0.7881957897455767	0.8368849283223557	0.7704835460040296
ENSPKIT00000032895	0.7907847372210223	0.7958137548056387	0.7907847372210223	1.0	0.7907847372210223	1.0	0.8181079983759643	0.7907700636080659	0.7907700636080659	0.7880633373934226	0.7907847372210223	0.7828653707703384	0.7854919474895115	0.7854919474895115	0.8108441158348737	0.7828653707703384	0.7734470158343484	0.7722102231821454	0.8181079983759643	0.7854919474895115	0.7878200692041523	1.0	0.7953714981729598	1.0	0.7881986737041549	0.7961290322580645	0.7907700636080659	0.7881986737041549	0.7854919474895115	0.7683439576834395	0.8181079983759643	0.7922024623803009	0.8181079983759643	0.8075498324219439	0.7881986737041549	0.7899208063354931	0.7854919474895115	0.7899874843554443	0.8045056320400501	0.7899208063354931	0.7722102231821454	0.7724376731301941	0.7734470158343484	0.7881986737041549	0.8005006257822278	0.8127956747015094	1.0	0.5685185185185185	0.7907453507102065	0.7864592540215662	0.7881986737041549	0.8075498324219439	0.7734470158343484	0.7888515782404298	0.79150467962563	0.7828653707703384	0.7296025952960259
ENSPKIT00000003981	0.8003565062388592	1.0	0.8003565062388592	0.7808284588754925	0.8009394439507427	0.7953714981729598	0.8625660740028832	0.7941740589786622	0.7947399880454273	0.7983657774573419	0.8003565062388592	0.8035306070612142	0.8110855129421329	0.8091970627181895	0.8453481207640172	0.8035306070612142	0.8196943054240498	0.8168045830681094	0.8625660740028832	0.8110855129421329	0.790635288379466	0.7953714981729598	1.0	0.7808284588754925	0.810126582278481	0.8787096774193548	0.7947399880454273	0.810126582278481	0.8110855129421329	0.8134373856846726	0.8625660740028832	0.7968863142650253	0.8625660740028832	0.8009897490279251	0.8044417767106843	0.7925888453269255	0.8110855129421329	0.7782542885973764	0.8175641670860594	0.7925888453269255	0.8168045830681094	0.8144156752974108	0.8186304007702492	0.8036601624045571	0.8289308176100629	0.8219645293315143	0.7953714981729598	0.5603703703703704	0.7866290983606558	0.7967688358749812	0.8044417767106843	0.8009897490279251	0.8186304007702492	0.7890731176950259	1.0	0.8035306070612142	0.7229132569558101
ENSPKIT00000032915	0.7731984829329962	0.780551741355636	0.7731984829329962	1.0	0.7738560443716123	1.0	0.8036289841231945	0.7826191046205411	0.7832159484302256	0.7717261192243237	0.7731984829329962	0.7715870414723308	0.7877611140867702	0.7785603437984959	0.8108441158348737	0.7715870414723308	0.7758435993572577	0.7592335812429094	0.8036289841231945	0.7877611140867702	0.7804699866065993	1.0	0.7808284588754925	1.0	0.7881986737041549	0.7961290322580645	0.7832159484302256	0.7881986737041549	0.7877611140867702	0.7568646425547357	0.8036289841231945	0.7844058809351651	0.8036289841231945	0.8075498324219439	0.7768891011101826	0.7820496659523509	0.7877611140867702	0.7899874843554443	0.8045056320400501	0.7820496659523509	0.7592335812429094	0.7724376731301941	0.7610122955712069	0.7776169802219006	0.8005006257822278	0.8127956747015094	1.0	0.5685185185185185	0.7826531917615454	0.7804364183596689	0.7768891011101826	0.8075498324219439	0.7610122955712069	0.7907700636080659	0.7766292701374007	0.7715870414723308	0.7296025952960259
ENSHHUT00000083476	0.8194746771150776	0.8112018335482023	0.8194746771150776	0.7881986737041549	0.8194746771150776	0.7881986737041549	0.8242820198720566	0.8453384071758631	0.8453384071758631	0.8200734394124847	0.8194746771150776	1.0	0.8132571117462909	0.8132571117462909	0.8398028342575478	1.0	0.8282292092010345	0.8261500507908867	0.8242820198720566	0.8132571117462909	0.8426466499860995	0.7881986737041549	0.810126582278481	0.7881986737041549	1.0	0.93854033290653	0.8453384071758631	1.0	0.8132571117462909	0.8245806983777839	0.8242820198720566	0.8472317626047534	0.8242820198720566	0.8057340583292141	1.0	0.8439130434782609	0.8132571117462909	0.8304742684157417	0.846250629089079	0.8439130434782609	0.8261500507908867	0.8273651943709069	0.8282292092010345	1.0	0.9335849056603772	0.8618434929339802	0.7881986737041549	0.5625925925925926	0.8451698279664756	0.8363312555654497	1.0	0.8437610463061153	0.8282292092010345	0.8453384071758631	0.8094616166013641	1.0	0.7780687397708674
ENSELUT00000032269	0.8343949044585988	0.8787096774193548	0.8343949044585988	0.7961290322580645	0.8459715639810427	0.7961290322580645	0.8709677419354839	0.8523178807947019	0.868020304568528	0.8343949044585988	0.8343949044585988	0.9159120310478654	0.9019354838709678	0.8626925653047556	0.8504983388704319	0.9159120310478654	0.8374193548387097	0.8374193548387097	0.8857142857142857	0.8673139158576052	0.8333333333333334	0.7961290322580645	0.8787096774193548	0.7961290322580645	0.93854033290653	1.0	0.8527815468113975	0.9129852744310576	0.8626925653047556	0.7886524822695036	0.8797061524334252	0.8523178807947019	0.8857142857142857	0.8504983388704319	0.9159120310478654	0.868020304568528	0.9019354838709678	0.8193891102257637	0.8609693877551021	0.868020304568528	0.8374193548387097	0.8374193548387097	0.8469318948078219	0.93854033290653	0.8966836734693877	1.0	0.7961290322580645	0.6151172893136403	0.8231197771587744	0.8554533508541393	0.9149771092217136	0.8504983388704319	0.8488805970149254	0.868020304568528	0.8787096774193548	0.9129852744310576	0.8576972833117723
ENSCHAT00000049432	0.8282597666159309	0.7915260592425947	0.8282597666159309	0.7832159484302256	0.8300276173738388	0.7907700636080659	0.8255827854154214	1.0	1.0	0.8324142891392952	0.8282597666159309	0.8348655882695217	0.8227780018824795	0.8233407079646018	0.8616052060737527	0.8348655882695217	0.8574694097082157	0.8582268875679777	0.8270909291790962	0.8181706266157823	1.0	0.7907700636080659	0.7947399880454273	0.7832159484302256	0.8453384071758631	0.8527815468113975	1.0	0.8396613967384539	0.8179240631163708	0.8579043004239855	0.8259916974169742	1.0	0.8270909291790962	0.8603916614024005	0.8364821566677715	1.0	0.8227780018824795	0.8144151920586966	0.8510317060895822	1.0	0.8582268875679777	0.8525525107803589	0.8623893805309735	0.8394882935071204	0.8389937106918239	0.823516085183507	0.7907700636080659	0.5181398416886543	0.9970543032786884	0.8468971765061151	0.8362831858407079	0.8603916614024005	0.8645652926913752	1.0	0.7925888453269255	0.8346539268235842	0.7756535947712418
ENSHHUT00000083481	0.8194746771150776	0.8112018335482023	0.8194746771150776	0.7881986737041549	0.8210071942446043	0.7881986737041549	0.8242820198720566	0.8398514851485148	0.8453384071758631	0.8200734394124847	0.8194746771150776	1.0	0.8132571117462909	0.8116625310173697	0.8212457337883959	1.0	0.8282292092010345	0.8261500507908867	0.8248138957816377	0.8116625310173697	0.8426466499860995	0.7881986737041549	0.810126582278481	0.7881986737041549	1.0	0.9129852744310576	0.8396613967384539	1.0	0.8116625310173697	0.8245806983777839	0.8236449332285939	0.8415198100237471	0.8248138957816377	0.8364947483931651	1.0	0.8439130434782609	0.8132571117462909	0.8131140538231525	0.846250629089079	0.8439130434782609	0.8261500507908867	0.8273651943709069	0.8241935483870968	1.0	0.9335849056603772	0.913574660633484	0.7881986737041549	0.5313324538258575	0.8451698279664756	0.8363312555654497	1.0	0.8364947483931651	0.8267871170463472	0.8196210744874124	0.8094616166013641	1.0	0.7780687397708674
ENSDART00000162834	0.8290250070244449	0.808037622915776	0.8322802986789202	0.7877611140867702	0.8336893065641464	0.7854919474895115	0.8109393579072532	0.8189729133472239	0.8151271577282909	0.8358449946178687	0.8290250070244449	0.8115350261579686	1.0	1.0	0.9023037542662116	0.8115350261579686	0.8327723172209506	0.8323965989335639	0.8134958957025592	1.0	0.8187817956826619	0.7854919474895115	0.8110855129421329	0.7877611140867702	0.8132571117462909	0.8626925653047556	0.8179240631163708	0.8116625310173697	1.0	0.8271791352093343	0.8096872616323417	0.8206683168316832	0.8156438322469561	0.8509170716413231	0.8121307126492222	0.8196016621292449	1.0	0.8240068346860316	0.8610971313537997	0.8196016621292449	0.8323965989335639	0.8281315605318404	0.8283351844995681	0.8152437382170752	0.8088050314465409	0.8067303319690768	0.7854919474895115	0.5184696569920845	0.8156976744186046	0.8203371970495258	0.8134906008109104	0.8509170716413231	0.8274336283185841	0.8208752378363686	0.8084246970571264	0.8129636860601328	0.7545008183306056
ENSDCDT00000014987	0.8203538680098154	0.8078101071975498	0.8203538680098154	0.7568646425547357	0.8208859129539017	0.7683439576834395	0.8279766252739226	0.8575072886297376	0.8579043004239855	0.8215808062355376	0.8203538680098154	0.8164369444802267	0.8271791352093343	0.8312400926716255	0.82	0.8164369444802267	0.9968428277282086	0.997031108816316	0.8279766252739226	0.8271791352093343	0.8597329413205931	0.7683439576834395	0.8134373856846726	0.7568646425547357	0.8245806983777839	0.7886524822695036	0.8579043004239855	0.8245806983777839	0.8271791352093343	1.0	0.8279766252739226	0.8606898238747553	0.8279766252739226	0.8316920322291853	0.8188344080788417	0.8535334102860075	0.8271791352093343	0.8133025166923472	0.8146629069469367	0.8535334102860075	0.997031108816316	0.996749116607774	0.9971954639678088	0.817076167076167	0.8193234238851871	0.8028201571890893	0.7683439576834395	0.4902931100114198	0.8601029601029601	0.828009828009828	0.8188344080788417	0.8316920322291853	0.9971954639678088	0.8528651150129305	0.8112817864979992	0.8164369444802267	0.7584893158853735
ENSSFOT00015035002	0.8173076923076923	0.8594750722089665	0.8176725235548765	0.8036289841231945	0.8181703629032258	0.8181079983759643	1.0	0.8253067839777727	0.8234949636917309	0.8160298005287191	0.8173076923076923	0.8220521406362115	0.8132416396979504	0.8150216548894461	0.8206860706860707	0.8220521406362115	0.8283441208198491	0.8323596647193294	1.0	0.8100976785487759	0.8220948664796977	0.8181079983759643	0.8625660740028832	0.8036289841231945	0.8242820198720566	0.8797061524334252	0.8259916974169742	0.8236449332285939	0.8096872616323417	0.8279766252739226	1.0	0.8281286413423444	1.0	0.8362141298875649	0.8236695790309769	0.8238269887441507	0.8132416396979504	0.7993436474449133	0.8243583291394061	0.8238269887441507	0.8323596647193294	0.8253171615781403	0.8340099756408771	0.820385407829354	0.8208805031446541	0.8167006109979633	0.8181079983759643	0.5366094986807388	0.8218493852459017	0.8330061905480899	0.8205544600394385	0.8362141298875649	0.8340099756408771	0.8180212014134276	0.8561087122174245	0.818626851058622	0.7644844517184942
ENSCHAT00000049332	0.8308776425368354	0.7937389548093916	0.8308776425368354	0.7844058809351651	0.8326359832635983	0.7922024623803009	0.8280231716147719	1.0	1.0	0.8349267820404211	0.8308776425368354	0.836374269005848	0.8246806197336233	0.8258214920071048	0.8643707482993197	0.836374269005848	0.8605599347648818	0.8611394992335207	0.8287078152753108	0.8206683168316832	1.0	0.7922024623803009	0.7968863142650253	0.7844058809351651	0.8472317626047534	0.8523178807947019	1.0	0.8415198100237471	0.8206683168316832	0.8606898238747553	0.8281286413423444	1.0	0.8287078152753108	0.8614202853111773	0.8379218472468917	1.0	0.8246806197336233	0.8148227253310552	0.8510317060895822	1.0	0.8611394992335207	0.8556962025316456	0.8559553756972548	0.8411112464968931	0.8389937106918239	0.823516085183507	0.7922024623803009	0.5181398416886543	0.9970241945917973	0.8468971765061151	0.8379218472468917	0.8614202853111773	0.8672803542297832	1.0	0.7948390393459377	0.836374269005848	0.7756535947712418
ENSSFOT00015034984	0.8176725235548765	0.8594750722089665	0.8176725235548765	0.8036289841231945	0.8181703629032258	0.8181079983759643	1.0	0.8260150044130626	0.8255827854154214	0.8160298005287191	0.8176725235548765	0.8214327045480847	0.8132416396979504	0.8202234760482354	0.8331911262798635	0.8214327045480847	0.8283441208198491	0.8323596647193294	1.0	0.8168153488940486	0.8220948664796977	0.8181079983759643	0.8625660740028832	0.8036289841231945	0.8242820198720566	0.8857142857142857	0.8270909291790962	0.8248138957816377	0.8156438322469561	0.8279766252739226	1.0	0.8287078152753108	1.0	0.8397868004389403	0.822759758108851	0.8238269887441507	0.8132416396979504	0.8033731853116994	0.8243583291394061	0.8238269887441507	0.8323596647193294	0.8253171615781403	0.8367076003982742	0.820385407829354	0.8208805031446541	0.8167006109979633	0.8181079983759643	0.5366094986807388	0.8218493852459017	0.8330061905480899	0.8224278475435118	0.8397868004389403	0.8340099756408771	0.8180212014134276	0.8561087122174245	0.8203516125276517	0.7644844517184942
ENSPNAT00000037238	0.8828170098133539	0.7960687960687961	0.8828170098133539	0.8075498324219439	0.8841324200913242	0.8075498324219439	0.8322728879462707	0.8614202853111773	0.8621420996818664	0.8856486390950866	0.8828170098133539	0.8327137546468402	0.8435843054082715	0.8509170716413231	1.0	0.8327137546468402	0.8363379285966772	0.8322108908985953	0.8397868004389403	0.8509170716413231	0.859275441470963	0.8075498324219439	0.8009897490279251	0.8075498324219439	0.8057340583292141	0.8504983388704319	0.8603916614024005	0.8364947483931651	0.8509170716413231	0.8316920322291853	0.8362141298875649	0.8614202853111773	0.8397868004389403	1.0	0.8364947483931651	0.8572253223013276	0.8435843054082715	0.8822151224707135	1.0	0.8572253223013276	0.8322108908985953	0.8363379285966772	0.8347703401787114	0.8437610463061153	0.8359748427672956	0.7821864021492044	0.8075498324219439	0.5263852242744064	0.8578334825425247	0.908271719038817	0.8364947483931651	1.0	0.8335291156234268	0.8621420996818664	0.7981527804502597	0.8327137546468402	0.8143639683505782
ENSHHUT00000083238	0.8085664335664335	0.8051230537418382	0.8095238095238095	0.7768891011101826	0.811491935483871	0.7881986737041549	0.8238683127572016	0.8360547219770521	0.8379011478097915	0.8100216294160058	0.8085664335664335	1.0	0.8152437382170752	0.811025334348157	0.8212457337883959	1.0	0.8300565580393213	0.8208026416052832	0.8253505933117583	0.8133013780707009	0.8385562736251677	0.7881986737041549	0.8044417767106843	0.7768891011101826	1.0	0.9159120310478654	0.8364821566677715	1.0	0.8121307126492222	0.8188344080788417	0.8236695790309769	0.8379218472468917	0.822759758108851	0.8364947483931651	1.0	0.8395092955608954	0.8152437382170752	0.8131140538231525	0.846250629089079	0.8395092955608954	0.8208026416052832	0.8273651943709069	0.8197500829370784	1.0	0.9335849056603772	0.913574660633484	0.7881986737041549	0.5313324538258575	0.8405481557377049	0.8351200362373546	1.0	0.8364947483931651	0.8218304141050922	0.8453384071758631	0.8035306070612142	1.0	0.7780687397708674
ENSCHAT00000049372	0.8282597666159309	0.7890759644703699	0.8282597666159309	0.7820496659523509	0.8287593271784495	0.7899208063354931	0.8238269887441507	1.0	1.0	0.8282597666159309	0.8282597666159309	0.8395092955608954	0.8196016621292449	0.8255975717718478	0.8687116564417178	0.8395092955608954	0.8525576730190572	0.8582268875679777	0.8238269887441507	0.8196016621292449	1.0	0.7899208063354931	0.7925888453269255	0.7820496659523509	0.8439130434782609	0.868020304568528	1.0	0.8439130434782609	0.8196016621292449	0.8535334102860075	0.8238269887441507	1.0	0.8238269887441507	0.8572253223013276	0.8395092955608954	1.0	0.8196016621292449	0.8196680080482898	0.8350266086115142	1.0	0.8582268875679777	0.8471252414202941	0.8582268875679777	0.8378896269800715	0.8222971346014929	0.8190091001011123	0.7899208063354931	0.5330668604651163	0.9968707482993198	0.8468971765061151	0.8395092955608954	0.8572253223013276	0.8582268875679777	1.0	0.7925888453269255	0.8395092955608954	0.7756535947712418
ENSDART00000159899	0.8322802986789202	0.808037622915776	0.8322802986789202	0.7877611140867702	0.8322802986789202	0.7854919474895115	0.8132416396979504	0.8227780018824795	0.8227780018824795	0.8358449946178687	0.8322802986789202	0.8147776183644191	1.0	1.0	0.8995686999383857	0.8147776183644191	0.8327723172209506	0.8323965989335639	0.8132416396979504	1.0	0.8187817956826619	0.7854919474895115	0.8110855129421329	0.7877611140867702	0.8132571117462909	0.9019354838709678	0.8227780018824795	0.8132571117462909	1.0	0.8271791352093343	0.8132416396979504	0.8246806197336233	0.8132416396979504	0.8435843054082715	0.8152437382170752	0.8196016621292449	1.0	0.8244197780020182	0.8610971313537997	0.8196016621292449	0.8323965989335639	0.8281315605318404	0.8328148248343027	0.8152437382170752	0.8088050314465409	0.8067303319690768	0.7854919474895115	0.5451851851851852	0.8156976744186046	0.8203371970495258	0.8152437382170752	0.8435843054082715	0.8328148248343027	0.8208752378363686	0.8084246970571264	0.8147776183644191	0.7545008183306056
ENSEEET00000035044	0.8821897073662966	0.7652947719688543	0.8821897073662966	0.7899874843554443	0.8822067594433399	0.7899874843554443	0.7971781305114638	0.8148227253310552	0.8191220988900101	0.8821897073662966	0.8821897073662966	0.8131140538231525	0.8244197780020182	0.8240068346860316	0.8843856655290102	0.8131140538231525	0.8181130171543896	0.8181130171543896	0.8033731853116994	0.8240068346860316	0.8153603366649133	0.7899874843554443	0.7782542885973764	0.7899874843554443	0.8304742684157417	0.8193891102257637	0.8144151920586966	0.8131140538231525	0.8240068346860316	0.8133025166923472	0.7993436474449133	0.8148227253310552	0.8033731853116994	0.8822151224707135	0.8131140538231525	0.8196680080482898	0.8244197780020182	1.0	0.8790767686904165	0.8191220988900101	0.8181130171543896	0.8181130171543896	0.808842375053396	0.8304742684157417	0.835716077251066	0.8044904137235116	0.7899874843554443	0.5326517150395779	0.8143297380585516	0.8492575855390575	0.8131140538231525	0.8822151224707135	0.8117674636661979	0.8191220988900101	0.7782542885973764	0.8131140538231525	0.740280777537797
