	ENSORLT00000009621	ENSKMAT00000013339	ENSXCOT00000013904	ENSCVAT00000031795	ENSXMAT00000010508	ENSPLAT00000006370	ENSPMET00000034191	ENSGAFT00000010691
ENSORLT00000009621	1.0	0.9360414866032843	0.9353982300884957	0.91353711790393	0.9185840707964602	0.9202453987730062	0.9202453987730062	0.9353982300884957
ENSKMAT00000013339	0.9360414866032843	1.0	0.9222126188418324	0.9066551426101987	0.905790838375108	0.9386343993085566	0.9386343993085566	0.9222126188418324
ENSXCOT00000013904	0.9353982300884957	0.9222126188418324	1.0	0.9100436681222708	0.9831709477413639	0.9833479404031552	0.9833479404031552	1.0
ENSCVAT00000031795	0.91353711790393	0.9066551426101987	0.9100436681222708	1.0	0.8934497816593886	0.9039301310043668	0.9039301310043668	0.9100436681222708
ENSXMAT00000010508	0.9185840707964602	0.905790838375108	0.9831709477413639	0.8934497816593886	1.0	0.9666958808063104	0.9666958808063104	0.9831709477413639
ENSPLAT00000006370	0.9202453987730062	0.9386343993085566	0.9833479404031552	0.9039301310043668	0.9666958808063104	1.0	1.0	0.9833479404031552
ENSPMET00000034191	0.9202453987730062	0.9386343993085566	0.9833479404031552	0.9039301310043668	0.9666958808063104	1.0	1.0	0.9838846480067854
ENSGAFT00000010691	0.9353982300884957	0.9222126188418324	1.0	0.9100436681222708	0.9831709477413639	0.9833479404031552	0.9838846480067854	1.0
