	ENSGGOT00000049827	ENSPTRT00000076962	ENSPTRT00000081261	ENSPTRT00000095694	ENSPTRT00000110501	ENSPTRT00000082589	ENSCJAT00000108690
ENSGGOT00000049827	1.0	0.8704128440366973	0.9709939865581888	0.9603118355776046	0.9709939865581888	0.9580985915492958	0.7807073954983923
ENSPTRT00000076962	0.8704128440366973	1.0	0.8872324159021406	0.8665902140672783	0.8872324159021406	0.8807339449541285	0.7273408239700374
ENSPTRT00000081261	0.9709939865581888	0.8872324159021406	1.0	0.975763962065332	1.0	0.9687391455366446	0.7997711670480551
ENSPTRT00000095694	0.9603118355776046	0.8665902140672783	0.975763962065332	1.0	0.975763962065332	0.9583188607155262	0.7946936197094125
ENSPTRT00000110501	0.9709939865581888	0.8872324159021406	1.0	0.975763962065332	1.0	0.9687391455366446	0.7997711670480551
ENSPTRT00000082589	0.9580985915492958	0.8807339449541285	0.9687391455366446	0.9583188607155262	0.9687391455366446	1.0	0.7807788944723618
ENSCJAT00000108690	0.7807073954983923	0.7273408239700374	0.7997711670480551	0.7946936197094125	0.7997711670480551	0.7807788944723618	1.0
