,ENSDNVT00000021314,ENSARWT00000009431,ENSNPET00000019749,ENSACAT00000008437,ENSAHAT00000008026,ENSPVIT00000015336,ENSSMRT00000035217,ENSAOWT00000019114
ENSDNVT00000021314,1.0,0.9387487102523215,0.8375314861460957,0.6100892369331633,0.9357471156551919,0.587820970042796,0.6035678889990089,0.9393566892030322
ENSARWT00000009431,0.9387487102523215,1.0,0.8384832829710498,0.6297265852239674,0.9846794023075468,0.5996961640714015,0.6119388637892915,0.9864667915885905
ENSNPET00000019749,0.8375314861460957,0.8384832829710498,1.0,0.6009459060005912,0.8379959060337265,0.5662451361867704,0.5871342724854695,0.8418486541391569
ENSACAT00000008437,0.6100892369331633,0.6297265852239674,0.6009459060005912,1.0,0.629079254079254,0.7297568816556158,0.7204937264102825,0.647163491731212
ENSAHAT00000008026,0.9357471156551919,0.9846794023075468,0.8379959060337265,0.629079254079254,1.0,0.602149514932471,0.6121328839672605,0.9955236310639184
ENSPVIT00000015336,0.587820970042796,0.5996961640714015,0.5662451361867704,0.7297568816556158,0.602149514932471,1.0,0.7038696537678207,0.6208580035317337
ENSSMRT00000035217,0.6035678889990089,0.6119388637892915,0.5871342724854695,0.7204937264102825,0.6121328839672605,0.7038696537678207,1.0,0.6331575137035887
ENSAOWT00000019114,0.9393566892030322,0.9864667915885905,0.8418486541391569,0.647163491731212,0.9955236310639184,0.6208580035317337,0.6331575137035887,1.0
