,ENSCINT00000034150,ENSCINT00000000082,ENSCINT00000020030,ENSCINT00000028401,ENSCSAVT00000003162,ENSCSAVT00000003163,ENSCSAVT00000008917,ENSCSAVT00000008918
ENSCINT00000034150,1.0,0.9102027679433538,0.6395147313691508,0.874439461883408,0.4409799554565701,0.4409799554565701,0.4217590957258919,0.4217590957258919
ENSCINT00000000082,0.9102027679433538,1.0,0.6281859070464768,0.8102059086839749,0.4302280633938925,0.423977768955935,0.41202445652173914,0.41202445652173914
ENSCINT00000020030,0.6395147313691508,0.6281859070464768,1.0,0.6590704647676162,0.4750549105742077,0.4713208784005245,0.320446735395189,0.320446735395189
ENSCINT00000028401,0.874439461883408,0.8102059086839749,0.6590704647676162,1.0,0.4756824599937245,0.46738774172402486,0.3368185212845407,0.3368185212845407
ENSCSAVT00000003162,0.4409799554565701,0.4302280633938925,0.4750549105742077,0.4756824599937245,1.0,1.0,0.3919753086419753,0.3919753086419753
ENSCSAVT00000003163,0.4409799554565701,0.423977768955935,0.4713208784005245,0.46738774172402486,1.0,1.0,0.3919753086419753,0.3919753086419753
ENSCSAVT00000008917,0.4217590957258919,0.41202445652173914,0.320446735395189,0.3368185212845407,0.3919753086419753,0.3919753086419753,1.0,1.0
ENSCSAVT00000008918,0.4217590957258919,0.41202445652173914,0.320446735395189,0.3368185212845407,0.3919753086419753,0.3919753086419753,1.0,1.0
