,ENSHHUT00000038963,ENSHHUT00000038961,ENSHCOT00000020004,ENSCVAT00000022701,ENSIPUT00000015449,ENSHCOT00000019937
ENSHHUT00000038963,1.0,1.0,0.6723348593852191,0.5488141202426917,0.7081774452164618,0.6675224646983312
ENSHHUT00000038961,1.0,1.0,0.6814814814814815,0.5488141202426917,0.705422314911366,0.6708943089430894
ENSHCOT00000020004,0.6723348593852191,0.6814814814814815,1.0,0.5101047904191617,0.5910707230343738,1.0
ENSCVAT00000022701,0.5488141202426917,0.5488141202426917,0.5101047904191617,1.0,0.5458333333333333,0.5101047904191617
ENSIPUT00000015449,0.7081774452164618,0.705422314911366,0.5910707230343738,0.5458333333333333,1.0,0.6022845275181724
ENSHCOT00000019937,0.6675224646983312,0.6708943089430894,1.0,0.5101047904191617,0.6022845275181724,1.0
