	K10D11.2.1	F55G11.6.1	F55G11.4.1	F55G11.5a.1	K10D11.4.1	K10D11.1.1	C32H11.10.1	K08D8.4d.1	C32H11.13.1	K08D8.4b.1	K08D8.4b.2	F17C11.11a.1	ZK896.1.1	K08D8.3.1	K10D11.3c.1	K08D8.5.1	K10D11.5.1	T05E12.6a.1	C32H11.3.1	K08D8.6a.1	T19C9.8.1	C29F3.7b.1	ZK1037.6.1	F55C9.6.1	C32H11.12.1	F17C11.11b.1	C45B11.6.1	ZK896.4.1	K10D11.3a.1	ENSCABT00000029595	K10D11.3b.1	C32H11.1a.1	F55G11.8.1	T05E12.6b.1	F55G11.5b.1	ENSGAGT00000027995	C32H11.1b.1	ZK896.5.2	ZK896.5.1	K08D8.4a.2	F55G11.7.2	K08D8.4a.1	K08D8.6b.1	F55G11.7.1	ENSPNAT00000002131	C32H11.4.1	K10D11.6.1	F55G11.2.1	C49G7.13.1	C29F3.7a.1	K08D8.4c.1	C32H11.9.1
K10D11.2.1	1.0	0.4471952366029458	0.46035207976320297	0.6801669500695625	0.17889087656529526	0.4424365165913694	0.21584440227703985	0.2557651991614256	0.4581435526935762	0.2557651991614256	0.2557651991614256	0.0	0.25596432552954296	0.25321162947937803	0.2290150412421155	0.263894000736106	0.20890410958904115	0.2464183381088825	0.3935524061672637	0.2273224043715847	0.005970149253731294	0.18014705882352944	0.26072607260726066	0.29618768328445744	0.2772748928060982	0.0	0.0	0.21169487799516373	0.2331081081081081	0.08065720687079914	0.2346450901066568	0.2809224318658281	0.4489795918367348	0.2464183381088825	0.7065084627464666	0.09070464767616193	0.2809224318658281	0.2133743950725913	0.2133743950725913	0.2557651991614256	0.4510048294126812	0.2557651991614256	0.1879039704524469	0.4510048294126812	0.0	0.3936700966635485	0.2630057803468209	0.4572363296463624	0.44103847356897097	0.18014705882352944	0.28578176665092103	0.21584440227703985
F55G11.6.1	0.4471952366029458	1.0	0.694487457417157	0.4596292805529375	0.25247079964061103	0.6736434108527132	0.21653358384217947	0.26468531468531475	0.5654359780047132	0.26468531468531475	0.26468531468531475	0.0	0.20061864781263805	0.2789915966386555	0.20239282153539384	0.28729281767955794	0.11935483870967745	0.17679558011049726	0.4229273603981957	0.197213757074445	0.18731117824773413	0.2656826568265682	0.16333333333333333	0.2502812148481439	0.2576687116564418	0.0	0.0	0.18678915135608046	0.17085953878406712	0.0998487140695915	0.17401303181295513	0.3170391061452513	0.7066666666666667	0.17679558011049726	0.4511035349004127	0.1100987091875475	0.3170391061452513	0.21154268158876452	0.21154268158876452	0.26468531468531475	0.8121803812180381	0.26468531468531475	0.1916783543712015	0.8121803812180381	0.0	0.4498910675381264	0.20667989417989416	0.6767535692116697	0.7446709916589435	0.2656826568265682	0.30009407337723426	0.21653358384217947
F55G11.4.1	0.46035207976320297	0.694487457417157	1.0	0.4453781512605042	0.1922731356693621	0.6791814125250039	0.16401124648547327	0.2688433483848558	0.5412515566625156	0.2688433483848558	0.2688433483848558	0.0	0.2287034998899405	0.2582049564634963	0.2077378018728437	0.2602639296187683	0.06624605678233443	0.2375690607734806	0.4241202914276856	0.2068965517241379	0.20543806646525686	0.2915129151291513	0.16666666666666666	0.26189143816452154	0.23254716981132076	0.0	0.0	0.18726836712448225	0.19448275862068964	0.11043872919818454	0.1900795153351004	0.27058006252170896	0.7133405139252192	0.2375690607734806	0.44193491019028985	0.12072892938496582	0.27058006252170896	0.2121476949967227	0.2121476949967227	0.2688433483848558	0.7019541467918141	0.2688433483848558	0.18467220683287167	0.7019541467918141	0.0	0.4300108510308479	0.2228384991843393	0.7433451300200031	0.6740603820086261	0.2915129151291513	0.3291316526610644	0.16401124648547327
F55G11.5a.1	0.6801669500695625	0.4596292805529375	0.4453781512605042	1.0	0.16326530612244894	0.4465399002493766	0.1987666034155597	0.29818956336528224	0.4668874172185431	0.29818956336528224	0.29818956336528224	0.0	0.2365089940039973	0.2640297498309669	0.24492825333993076	0.2912621359223301	0.08450704225352113	0.2727272727272727	0.3949736270555384	0.19373219373219372	0.2996632996632997	0.10431654676258996	0.13307984790874527	0.249266862170088	0.2877560743211053	0.0	0.0	0.18613861386138608	0.24050632911392397	0.1029411764705882	0.2459631993991739	0.317064606741573	0.4564573921171522	0.2727272727272727	1.0	0.11291512915129155	0.317064606741573	0.1970030850594976	0.1970030850594976	0.29818956336528224	0.4668020621777846	0.29818956336528224	0.16251154201292706	0.4668020621777846	0.0	0.3889408099688474	0.21488946684005208	0.4602902168825089	0.4257703081232493	0.10431654676258996	0.3342898134863701	0.1987666034155597
K10D11.4.1	0.17889087656529526	0.25247079964061103	0.1922731356693621	0.16326530612244894	1.0	0.19586702605570527	0.17172722747635638	0.28397115917914584	0.2304147465437788	0.2883597883597884	0.2883597883597884	0.2472160356347439	0.20150862068965514	0.4044856921887085	0.3659711075441412	0.25	0.21500721500721495	0.25789286981199	0.23686553873552985	0.1820758058802692	0.2556846892369884	0.2286369320550229	0.23195414651620996	0.22176591375770016	0.18759379689844924	0.25	0.4931506849315068	0.2352107686857953	0.2741116751269035	0.4202702702702703	0.3659711075441412	0.24907456372289796	0.21024258760107814	0.1749287749287749	0.18383311603650587	0.4330175913396481	0.2422945205479452	0.2051009564293305	0.2051009564293305	0.2883597883597884	0.2021563342318059	0.2883597883597884	0.19307733910221736	0.2021563342318059	0.11189913317572886	0.18604651162790695	0.2990543735224587	0.2264150943396226	0.1769991015274034	0.22965440356744704	0.16909871244635188	0.16973618715778993
K10D11.1.1	0.4424365165913694	0.6736434108527132	0.6791814125250039	0.4465399002493766	0.19586702605570527	1.0	0.1736078614880674	0.2326315789473684	0.5500390320062452	0.2326315789473684	0.2326315789473684	0.0	0.2201188641866608	0.27764705882352936	0.21653056174214305	0.2603550295857988	0.14417177914110435	0.16890080428954424	0.391877228336692	0.18564302754283235	0.20833333333333334	0.2472727272727273	0.21	0.24327354260089684	0.22033898305084745	0.0	0.0	0.19577065620231093	0.19302486187845305	0.1089258698940998	0.2012937595129376	0.2629189944134078	0.6745762711864407	0.16890080428954424	0.4307637401855817	0.11921032649962038	0.2629189944134078	0.18833296919379505	0.18833296919379505	0.2326315789473684	0.666615265998458	0.2326315789473684	0.14589104339796855	0.666615265998458	0.0	0.4016431560998295	0.17032427120864724	0.6713955281418659	0.6377079482439926	0.2472727272727273	0.2817497648165569	0.1736078614880674
C32H11.10.1	0.21584440227703985	0.21653358384217947	0.16401124648547327	0.1987666034155597	0.17172722747635638	0.1736078614880674	1.0	0.3211920529801324	0.13946869070208726	0.3211920529801324	0.3211920529801324	0.20646476412347115	0.21762349799732966	0.27109111361079863	0.24176776429809355	0.3102696812857533	0.21695226438188495	0.19565217391304346	0.1963015647226174	0.15379537953795386	0.1892156862745098	0.22620904836193445	0.21322160148975788	0.2391826923076923	0.5465048259725066	0.2121513944223108	0.0	0.1867986798679868	0.13387096774193552	0.0	0.13387096774193552	0.3579264947888097	0.2052606857679662	0.0	0.202315661182206	0.0	0.3579264947888097	0.19669966996699675	0.19669966996699675	0.3211920529801324	0.1841240018788164	0.3211920529801324	0.05823863636363635	0.1841240018788164	0.1357466063348416	0.2052606857679662	0.11538461538461542	0.21183654297792387	0.16767865483418964	0.22620904836193445	0.3211920529801324	0.9989809288105984
K08D8.4d.1	0.2557651991614256	0.26468531468531475	0.2688433483848558	0.29818956336528224	0.28397115917914584	0.2326315789473684	0.3211920529801324	1.0	0.3049343272985445	1.0	1.0	0.2613684657883553	0.2551451187335092	0.3638471866227265	0.24214417744916816	0.6324341891452714	0.2015037593984963	0.13519391083725985	0.2966160220994476	0.2217357713108421	0.18067382450944086	0.15700396110911052	0.1917858452511918	0.3333333333333333	0.3700831024930749	0.2613684657883553	0.34979973297730305	0.2666318810331333	0.20391786641491616	0.2442687747035573	0.20391786641491616	0.6089688964635706	0.270949720670391	0.0	0.2797619047619048	0.2660841938046068	0.6284801460520311	0.2696483971044468	0.2696483971044468	1.0	0.26950105411103303	1.0	0.2126772310258549	0.26950105411103303	0.14864197530864198	0.27665505226480835	0.19428571428571428	0.2428471737613398	0.2611731843575419	0.15700396110911052	1.0	0.32312362030905084
C32H11.13.1	0.4581435526935762	0.5654359780047132	0.5412515566625156	0.4668874172185431	0.2304147465437788	0.5500390320062452	0.13946869070208726	0.3049343272985445	1.0	0.3049343272985445	0.3049343272985445	0.0	0.20584329349269592	0.26267748478701824	0.23758952827858734	0.3047050037341299	0.22508038585209	0.2401215805471124	0.4021418593822753	0.19519125683060112	0.23750000000000004	0.09282700421940926	0.2536764705882353	0.2376525276002324	0.1653168175321582	0.0	0.0	0.19271290605794555	0.21736135032724768	0.1089258698940998	0.2094846900672144	0.317064606741573	0.5519875292283709	0.2401215805471124	0.4538131041890441	0.11921032649962038	0.317064606741573	0.17832014072119606	0.17832014072119606	0.3049343272985445	0.5457955611128478	0.3049343272985445	0.1449676823638042	0.5457955611128478	0.0	0.41725050599408375	0.20471667212577796	0.5195940671350507	0.5224438902743143	0.09282700421940926	0.3466097676623993	0.13946869070208726
K08D8.4b.1	0.2557651991614256	0.26468531468531475	0.2688433483848558	0.29818956336528224	0.2883597883597884	0.2326315789473684	0.3211920529801324	1.0	0.3049343272985445	1.0	1.0	0.2425314465408805	0.24486066697121975	0.3846523550144185	0.2577747062888736	0.6537047784871348	0.2015037593984963	0.13453887884267635	0.2966160220994476	0.218058690744921	0.1784660766961652	0.15557137771448915	0.19171171171171172	0.3333333333333333	0.3700831024930749	0.2425314465408805	0.34979973297730305	0.27589367552703936	0.2063189950513894	0.2977900552486188	0.2063189950513894	0.6158222703874289	0.270949720670391	0.0	0.2797619047619048	0.3168975069252078	0.6460017969451932	0.2988713318284424	0.2988713318284424	1.0	0.26950105411103303	1.0	0.18008185538881305	0.26950105411103303	0.14864197530864198	0.27665505226480835	0.1992766726943942	0.2428471737613398	0.2611731843575419	0.15557137771448915	1.0	0.32312362030905084
K08D8.4b.2	0.2557651991614256	0.26468531468531475	0.2688433483848558	0.29818956336528224	0.2883597883597884	0.2326315789473684	0.3211920529801324	1.0	0.3049343272985445	1.0	1.0	0.2425314465408805	0.24486066697121975	0.3846523550144185	0.2577747062888736	0.6537047784871348	0.2015037593984963	0.13453887884267635	0.2966160220994476	0.218058690744921	0.1784660766961652	0.15557137771448915	0.19171171171171172	0.3333333333333333	0.3700831024930749	0.2425314465408805	0.34979973297730305	0.27589367552703936	0.2063189950513894	0.2977900552486188	0.2063189950513894	0.6158222703874289	0.270949720670391	0.0	0.2797619047619048	0.3168975069252078	0.6460017969451932	0.2988713318284424	0.2988713318284424	1.0	0.26950105411103303	1.0	0.18008185538881305	0.26950105411103303	0.14864197530864198	0.27665505226480835	0.1992766726943942	0.2428471737613398	0.2611731843575419	0.15557137771448915	1.0	0.32312362030905084
F17C11.11a.1	0.0	0.0	0.0	0.0	0.2472160356347439	0.0	0.20646476412347115	0.2613684657883553	0.0	0.2425314465408805	0.2425314465408805	1.0	0.0	0.10232558139534886	0.15064102564102566	0.19221967963386727	0.14109250617622834	0.11111111111111116	0.0	0.0	0.1196652719665272	0.12734082397003746	0.1348553225378285	0.0	0.2377764842840512	1.0	0.2927927927927928	0.0	0.15064102564102566	0.2636861313868613	0.15064102564102566	0.1797795515013303	0.0	0.0	0.0	0.25572868927589365	0.2082366589327146	0.0	0.0	0.2425314465408805	0.0	0.2425314465408805	0.0	0.0	0.11009174311926606	0.0	0.15189873417721522	0.0	0.0	0.12734082397003746	0.25776754890678943	0.20844250363901015
ZK896.1.1	0.25596432552954296	0.20061864781263805	0.2287034998899405	0.2365089940039973	0.20150862068965514	0.2201188641866608	0.21762349799732966	0.2551451187335092	0.20584329349269592	0.24486066697121975	0.24486066697121975	0.0	1.0	0.2582764720748041	0.2501621271076524	0.2355263157894737	0.22577265584075434	0.14129301355578727	0.21623987743488726	0.44390405659334586	0.17790414297319246	0.2941498086386003	0.1822429906542056	0.4589774078478002	0.2888739946380697	0.0	0.0	0.527402526084569	0.235169116344962	0.07433380084151475	0.23134328358208955	0.23506289308176095	0.21879815100154087	0.10844892812105922	0.2442808309229556	0.07779349363507783	0.2332899869960988	0.5165261756876663	0.5165261756876663	0.2551451187335092	0.21805006587615286	0.2551451187335092	0.4789644012944984	0.21805006587615286	0.0	0.2020047940727827	0.20249653259362002	0.2320052828527405	0.19293239683933272	0.2941498086386003	0.2754045307443366	0.21762349799732966
K08D8.3.1	0.25321162947937803	0.2789915966386555	0.2582049564634963	0.2640297498309669	0.4044856921887085	0.27764705882352936	0.27109111361079863	0.3638471866227265	0.26267748478701824	0.3846523550144185	0.3846523550144185	0.10232558139534886	0.2582764720748041	1.0	0.26531662948343915	0.3273820045960756	0.2359550561797753	0.15093333333333336	0.2420595118689401	0.22795381970031936	0.17226197028068246	0.14071696094168007	0.12466559657570896	0.3122901276024177	0.29047753602712634	0.10415447630193098	0.0	0.2310966449674512	0.2164343360234776	0.22905027932960895	0.2164343360234776	0.3499514798641437	0.2647651006711409	0.0	0.2431048069345941	0.2402234636871509	0.3499514798641437	0.2418835192069393	0.2418835192069393	0.3638471866227265	0.266890756302521	0.3638471866227265	0.2023575638506876	0.266890756302521	0.1395902810862315	0.22587131367292226	0.23717948717948725	0.2635294117647059	0.2888888888888889	0.14071696094168007	0.3601029252437703	0.2694038245219348
K10D11.3c.1	0.2290150412421155	0.20239282153539384	0.2077378018728437	0.24492825333993076	0.3659711075441412	0.21653056174214305	0.24176776429809355	0.24214417744916816	0.23758952827858734	0.2577747062888736	0.2577747062888736	0.15064102564102566	0.2501621271076524	0.26531662948343915	1.0	0.24097415082247384	0.25903614457831325	0.33834586466165417	0.1725394896719319	0.25740979381443296	0.26436781609195403	0.2382578992314261	0.16880000000000006	0.29460013670539986	0.21300742034046272	0.15064102564102566	0.0	0.25603710219094833	1.0	0.09944751381215466	1.0	0.24457791124457795	0.23701698252522765	0.0	0.24491501811089436	0.12256267409470754	0.2432342686368919	0.25983370642788617	0.25983370642788617	0.24214417744916816	0.20786933927245727	0.24214417744916816	0.2328205128205129	0.20786933927245727	0.09780775716694777	0.21827040194884284	0.639848300148991	0.2306177701206005	0.19146311374290648	0.2382578992314261	0.2427147960142884	0.2369323050556984
K08D8.5.1	0.263894000736106	0.28729281767955794	0.2602639296187683	0.2912621359223301	0.25	0.2603550295857988	0.3102696812857533	0.6324341891452714	0.3047050037341299	0.6537047784871348	0.6537047784871348	0.19221967963386727	0.2355263157894737	0.3273820045960756	0.24097415082247384	1.0	0.1964949548592672	0.17131272174353773	0.2946298984034833	0.24750883960141434	0.1885714285714286	0.15489404641775986	0.14328960645812305	0.30625	0.3688524590163935	0.19221967963386727	0.0	0.2588045234248788	0.176672384219554	0.1934566145092461	0.176672384219554	0.7880794701986755	0.28560912771439084	0.0	0.2643470402169001	0.20659971305595404	0.7879421221864952	0.254156010230179	0.254156010230179	0.6324341891452714	0.2787856349500185	0.6324341891452714	0.21733821733821732	0.2787856349500185	0.1846913580246914	0.3038391224862889	0.18467251856853475	0.2839779005524862	0.2773695811903012	0.15489404641775986	0.6266304347826087	0.3099292638197537
K10D11.5.1	0.20890410958904115	0.11935483870967745	0.06624605678233443	0.08450704225352113	0.21500721500721495	0.14417177914110435	0.21695226438188495	0.2015037593984963	0.22508038585209	0.2015037593984963	0.2015037593984963	0.14109250617622834	0.22577265584075434	0.2359550561797753	0.25903614457831325	0.1964949548592672	1.0	0.32776461787807	0.03164556962025311	0.23878287777204746	0.3207325268817205	0.32845106934543106	0.3437836544214431	0.14859926918392208	0.2191780821917808	0.14109250617622834	0.36631578947368415	0.2401635155850792	0.2222222222222222	0.38896746817538896	0.25903614457831325	0.22052067381317	0.038961038961038974	0.3322756119673618	0.0	0.3914893617021277	0.2345346960731576	0.2354177614293221	0.2354177614293221	0.2015037593984963	0.09779179810725558	0.2015037593984963	0.2952029520295203	0.09779179810725558	0.12822229661868098	0.12941176470588234	0.2438685793614068	0.0573248407643312	0.22461538461538466	0.32757572071524144	0.15491452991452992	0.21572827417380655
T05E12.6a.1	0.2464183381088825	0.17679558011049726	0.2375690607734806	0.2727272727272727	0.25789286981199	0.16890080428954424	0.19565217391304346	0.13519391083725985	0.2401215805471124	0.13453887884267635	0.13453887884267635	0.11111111111111116	0.14129301355578727	0.15093333333333336	0.33834586466165417	0.17131272174353773	0.32776461787807	1.0	0.3918918918918919	0.15504682622268473	0.34110097939885176	0.3871820700075548	0.3753939535426637	0.11915367483296213	0.17298136645962736	0.11111111111111116	0.17890520694259016	0.18120805369127516	0.2643171806167401	0.17673716012084595	0.33834586466165417	0.1855345911949685	0.20718232044198887	1.0	0.0	0.1809954751131222	0.1385169927909372	0.1534859521331946	0.1534859521331946	0.13453887884267635	0.273972602739726	0.13453887884267635	0.2001953125	0.273972602739726	0.0953145057766367	0.2482435597189696	0.2674914675767919	0.1574585635359116	0.25806451612903225	0.391742904058175	0.11428571428571432	0.19376181474480147
C32H11.3.1	0.3935524061672637	0.4229273603981957	0.4241202914276856	0.3949736270555384	0.23686553873552985	0.391877228336692	0.1963015647226174	0.2966160220994476	0.4021418593822753	0.2966160220994476	0.2966160220994476	0.0	0.21623987743488726	0.2420595118689401	0.1725394896719319	0.2946298984034833	0.03164556962025311	0.3918918918918919	1.0	0.20111852011185205	0.2711370262390671	0.19133574007220225	0.1779935275080906	0.316056338028169	0.2348737494044784	0.0	0.0	0.18679653679653674	0.13263935527199466	0.12301013024602026	0.1357432681667281	0.30145027624309395	0.4357463959076112	0.3918918918918919	0.3906499026031521	0.12590448625180894	0.30145027624309395	0.2147955872809864	0.2147955872809864	0.2966160220994476	0.4260492488771875	0.2966160220994476	0.18545454545454546	0.4260492488771875	0.0	0.6225811366753009	0.163154533844189	0.4231902030692916	0.40622568093385214	0.19133574007220225	0.3300515705578997	0.1963015647226174
K08D8.6a.1	0.2273224043715847	0.197213757074445	0.2068965517241379	0.19373219373219372	0.1820758058802692	0.18564302754283235	0.15379537953795386	0.2217357713108421	0.19519125683060112	0.218058690744921	0.218058690744921	0.0	0.44390405659334586	0.22795381970031936	0.25740979381443296	0.24750883960141434	0.23878287777204746	0.15504682622268473	0.20111852011185205	1.0	0.1899020346646572	0.2354188759278897	0.1695431472081218	0.4393999210422424	0.21718854097268486	0.0	0.0	0.507255723960013	0.2424295161851723	0.15568022440392704	0.24154500092404366	0.247633665899207	0.19366731728475384	0.10303030303030304	0.1953185955786736	0.16831683168316836	0.2516505840528187	0.5021654395842357	0.5021654395842357	0.2217357713108421	0.1945466349275049	0.2217357713108421	1.0	0.1945466349275049	0.0	0.20499146757679187	0.22427530089845735	0.22229451312079807	0.20368763557483735	0.2354188759278897	0.23120837297811606	0.15379537953795386
T19C9.8.1	0.005970149253731294	0.18731117824773413	0.20543806646525686	0.2996632996632997	0.2556846892369884	0.20833333333333334	0.1892156862745098	0.18067382450944086	0.23750000000000004	0.1784660766961652	0.1784660766961652	0.1196652719665272	0.17790414297319246	0.17226197028068246	0.26436781609195403	0.1885714285714286	0.3207325268817205	0.34110097939885176	0.2711370262390671	0.1899020346646572	1.0	0.3285976934648169	0.28462659970840765	0.19505494505494506	0.17090440939813326	0.1196652719665272	0.2129963898916968	0.2275810097965335	0.2327823691460055	0.23026315789473684	0.26436781609195403	0.18372703412073488	0.14199395770392753	0.2463768115942029	0.0	0.21212121212121213	0.18311345646437996	0.21958684009181328	0.21958684009181328	0.1784660766961652	0.2114803625377644	0.1784660766961652	0.2248144220572641	0.2114803625377644	0.11204859939250757	0.3333333333333333	0.225130890052356	0.21752265861027187	0.25970149253731345	0.3285976934648169	0.14675052410901468	0.18790849673202611
C29F3.7b.1	0.18014705882352944	0.2656826568265682	0.2915129151291513	0.10431654676258996	0.2286369320550229	0.2472727272727273	0.22620904836193445	0.15700396110911052	0.09282700421940926	0.15557137771448915	0.15557137771448915	0.12734082397003746	0.2941498086386003	0.14071696094168007	0.2382578992314261	0.15489404641775986	0.32845106934543106	0.3871820700075548	0.19133574007220225	0.2354188759278897	0.3285976934648169	1.0	0.3865954346770277	0.2135102533172497	0.1945392491467577	0.12734082397003746	0.25747724317295195	0.2655099894847529	0.2921348314606742	0.1373333333333333	0.2382578992314261	0.2302498311951384	0.3321033210332103	0.40697674418604657	0.0	0.13715046604527292	0.15685279187817258	0.23382820784729585	0.23382820784729585	0.15557137771448915	0.15384615384615385	0.15557137771448915	0.2545629202689721	0.15384615384615385	0.12290148875514728	0.0785498489425982	0.26608187134502925	0.3394833948339484	0.054347826086956534	1.0	0.10507614213197967	0.225585023400936
ZK1037.6.1	0.26072607260726066	0.16333333333333333	0.16666666666666666	0.13307984790874527	0.23195414651620996	0.21	0.21322160148975788	0.1917858452511918	0.2536764705882353	0.19171171171171172	0.19171171171171172	0.1348553225378285	0.1822429906542056	0.12466559657570896	0.16880000000000006	0.14328960645812305	0.3437836544214431	0.3753939535426637	0.1779935275080906	0.1695431472081218	0.28462659970840765	0.3865954346770277	1.0	0.227710843373494	0.1977383863080684	0.1348553225378285	0.2732166890982504	0.20456852791878166	0.16413916146297947	0.1950261780104712	0.16880000000000006	0.2	0.10666666666666667	0.4448246364414029	0.0	0.1942633637548892	0.1573033707865168	0.20368474923234392	0.20368474923234392	0.19171171171171172	0.22333333333333336	0.19171171171171172	0.1370106761565837	0.22333333333333336	0.1258023106546855	0.13636363636363635	0.22433628318584065	0.19666666666666666	0.29666666666666663	0.4007035860190649	0.14910941475826964	0.21198013656114206
F55C9.6.1	0.29618768328445744	0.2502812148481439	0.26189143816452154	0.249266862170088	0.22176591375770016	0.24327354260089684	0.2391826923076923	0.3333333333333333	0.2376525276002324	0.3333333333333333	0.3333333333333333	0.0	0.4589774078478002	0.3122901276024177	0.29460013670539986	0.30625	0.14859926918392208	0.11915367483296213	0.316056338028169	0.4393999210422424	0.19505494505494506	0.2135102533172497	0.227710843373494	1.0	0.3486924034869241	0.0	0.0	0.6713892168437623	0.1967044284243048	0.10330578512396693	0.2125382262996942	0.3333333333333333	0.2840973401245048	0.12347188264058685	0.27568667344862663	0.11805555555555558	0.3333333333333333	0.8554360812425329	0.8554360812425329	0.3333333333333333	0.2759009009009009	0.3333333333333333	0.0	0.2759009009009009	0.0	0.23476297968397294	0.2421568627450981	0.2488789237668161	0.23778143876990665	0.2135102533172497	0.3333333333333333	0.2391826923076923
C32H11.12.1	0.2772748928060982	0.2576687116564418	0.23254716981132076	0.2877560743211053	0.18759379689844924	0.22033898305084745	0.5465048259725066	0.3700831024930749	0.1653168175321582	0.3700831024930749	0.3700831024930749	0.2377764842840512	0.2888739946380697	0.29047753602712634	0.21300742034046272	0.3688524590163935	0.2191780821917808	0.17298136645962736	0.2348737494044784	0.21718854097268486	0.17090440939813326	0.1945392491467577	0.1977383863080684	0.3486924034869241	1.0	0.2268381140784701	0.0	0.2740544127405442	0.12419354838709673	0.0	0.12419354838709673	0.3713578889499725	0.25200566304860783	0.0	0.2534869617950273	0.0	0.3713578889499725	0.27266710787557913	0.27266710787557913	0.3700831024930749	0.2472864558754129	0.3700831024930749	0.1576704545454546	0.2472864558754129	0.14432057848749624	0.2383199622463425	0.05929487179487181	0.2340726757904672	0.22096850023507286	0.1945392491467577	0.3700831024930749	0.5459198596080725
F17C11.11b.1	0.0	0.0	0.0	0.0	0.25	0.0	0.2121513944223108	0.2613684657883553	0.0	0.2425314465408805	0.2425314465408805	1.0	0.0	0.10415447630193098	0.15064102564102566	0.19221967963386727	0.14109250617622834	0.11111111111111116	0.0	0.0	0.1196652719665272	0.12734082397003746	0.1348553225378285	0.0	0.2268381140784701	1.0	0.2927927927927928	0.0	0.15064102564102566	0.22026887280248186	0.15064102564102566	0.1797795515013303	0.0	0.0	0.0	0.2263759086188992	0.2082366589327146	0.0	0.0	0.2425314465408805	0.0	0.2425314465408805	0.0	0.0	0.11009174311926606	0.0	0.15189873417721522	0.0	0.0	0.12734082397003746	0.25776754890678943	0.21440424825755056
C45B11.6.1	0.0	0.0	0.0	0.0	0.4931506849315068	0.0	0.0	0.34979973297730305	0.0	0.34979973297730305	0.34979973297730305	0.2927927927927928	0.0	0.0	0.0	0.0	0.36631578947368415	0.17890520694259016	0.0	0.0	0.2129963898916968	0.25747724317295195	0.2732166890982504	0.0	0.0	0.2927927927927928	1.0	0.0	0.0	0.368510845722642	0.0	0.16117850953206234	0.0	0.0	0.0	0.3674214755295837	0.0	0.0	0.0	0.34979973297730305	0.0	0.34979973297730305	0.0	0.0	0.0	0.0	0.0	0.0	0.0	0.25747724317295195	0.0	0.0
ZK896.4.1	0.21169487799516373	0.18678915135608046	0.18726836712448225	0.18613861386138608	0.2352107686857953	0.19577065620231093	0.1867986798679868	0.2666318810331333	0.19271290605794555	0.27589367552703936	0.27589367552703936	0.0	0.527402526084569	0.2310966449674512	0.25603710219094833	0.2588045234248788	0.2401635155850792	0.18120805369127516	0.18679653679653674	0.507255723960013	0.2275810097965335	0.2655099894847529	0.20456852791878166	0.6713892168437623	0.2740544127405442	0.0	0.0	1.0	0.2389948006932409	0.1136044880785414	0.2408665320359831	0.2677737415672029	0.17767604098539347	0.1658536585365854	0.1794605809128631	0.12871287128712872	0.2655163533350502	0.6837671454800734	0.6837671454800734	0.2666318810331333	0.20460969776038265	0.2666318810331333	0.5426532033426184	0.20460969776038265	0.0	0.16275565123789024	0.22959959452610235	0.19250054501853064	0.19899519440803848	0.2655099894847529	0.2887189292543021	0.1867986798679868
K10D11.3a.1	0.2331081081081081	0.17085953878406712	0.19448275862068964	0.24050632911392397	0.2741116751269035	0.19302486187845305	0.13387096774193552	0.20391786641491616	0.21736135032724768	0.2063189950513894	0.2063189950513894	0.15064102564102566	0.235169116344962	0.2164343360234776	1.0	0.176672384219554	0.2222222222222222	0.2643171806167401	0.13263935527199466	0.2424295161851723	0.2327823691460055	0.2921348314606742	0.16413916146297947	0.1967044284243048	0.12419354838709673	0.15064102564102566	0.0	0.2389948006932409	1.0	0.09944751381215466	1.0	0.20212014134275624	0.21851342050929112	0.1817334575955265	0.2459631993991739	0.12256267409470754	0.2005147402901264	0.2386816999132697	0.2386816999132697	0.20391786641491616	0.17584308327598075	0.20391786641491616	0.2328205128205129	0.17584308327598075	0.09780775716694777	0.16948590381426198	0.6127035830618892	0.2201992442459636	0.1705372616984402	0.2518422193324664	0.19805825242718444	0.12419354838709673
ENSCABT00000029595	0.08065720687079914	0.0998487140695915	0.11043872919818454	0.1029411764705882	0.4202702702702703	0.1089258698940998	0.0	0.2442687747035573	0.1089258698940998	0.2977900552486188	0.2977900552486188	0.2636861313868613	0.07433380084151475	0.22905027932960895	0.09944751381215466	0.1934566145092461	0.38896746817538896	0.17673716012084595	0.12301013024602026	0.15568022440392704	0.23026315789473684	0.1373333333333333	0.1950261780104712	0.10330578512396693	0.0	0.22026887280248186	0.368510845722642	0.1136044880785414	0.09944751381215466	1.0	0.09944751381215466	0.1482254697286013	0.113464447806354	0.0	0.1029411764705882	0.9713128585892676	0.1934566145092461	0.20757363253856945	0.20757363253856945	0.2977900552486188	0.13993948562783665	0.2977900552486188	0.0	0.13993948562783665	0.0	0.1070110701107011	0.12016574585635365	0.12859304084720125	0.07791225416036307	0.1373333333333333	0.16358463726884775	0.0
K10D11.3b.1	0.2346450901066568	0.17401303181295513	0.1900795153351004	0.2459631993991739	0.3659711075441412	0.2012937595129376	0.13387096774193552	0.20391786641491616	0.2094846900672144	0.2063189950513894	0.2063189950513894	0.15064102564102566	0.23134328358208955	0.2164343360234776	1.0	0.176672384219554	0.25903614457831325	0.33834586466165417	0.1357432681667281	0.24154500092404366	0.26436781609195403	0.2382578992314261	0.16880000000000006	0.2125382262996942	0.12419354838709673	0.15064102564102566	0.0	0.2408665320359831	1.0	0.09944751381215466	1.0	0.20212014134275624	0.21875	0.0	0.2459631993991739	0.12256267409470754	0.2005147402901264	0.23935389133627016	0.23935389133627016	0.20391786641491616	0.1839515518546555	0.20391786641491616	0.2328205128205129	0.1839515518546555	0.09780775716694777	0.1823922734026746	0.639848300148991	0.22677698382850695	0.17182130584192445	0.2382578992314261	0.19805825242718444	0.12419354838709673
C32H11.1a.1	0.2809224318658281	0.3170391061452513	0.27058006252170896	0.317064606741573	0.24907456372289796	0.2629189944134078	0.3579264947888097	0.6089688964635706	0.317064606741573	0.6158222703874289	0.6158222703874289	0.1797795515013303	0.23506289308176095	0.3499514798641437	0.24457791124457795	0.7880794701986755	0.22052067381317	0.1855345911949685	0.30145027624309395	0.247633665899207	0.18372703412073488	0.2302498311951384	0.2	0.3333333333333333	0.3713578889499725	0.1797795515013303	0.16117850953206234	0.2677737415672029	0.20212014134275624	0.1482254697286013	0.20212014134275624	1.0	0.2985335195530726	0.0	0.3149639677829589	0.14335664335664333	1.0	0.2684494728722037	0.2684494728722037	0.6062526404731728	0.285963687150838	0.6062526404731728	0.21704781704781706	0.285963687150838	0.16740740740740745	0.3033786137234413	0.21475896732922092	0.2951849267271458	0.2936452513966481	0.2302498311951384	0.625251256281407	0.3568294020844761
F55G11.8.1	0.4489795918367348	0.7066666666666667	0.7133405139252192	0.4564573921171522	0.21024258760107814	0.6745762711864407	0.2052606857679662	0.270949720670391	0.5519875292283709	0.270949720670391	0.270949720670391	0.0	0.21879815100154087	0.2647651006711409	0.23701698252522765	0.28560912771439084	0.038961038961038974	0.20718232044198887	0.4357463959076112	0.19366731728475384	0.14199395770392753	0.3321033210332103	0.10666666666666667	0.2840973401245048	0.25200566304860783	0.0	0.0	0.17767604098539347	0.21851342050929112	0.113464447806354	0.21875	0.2985335195530726	1.0	0.20718232044198887	0.4487657609660807	0.12376613515565682	0.2985335195530726	0.20908892287524586	0.20908892287524586	0.270949720670391	0.6924499229583976	0.270949720670391	0.13619575253924288	0.6924499229583976	0.0	0.4293907921252519	0.21892332789559546	0.6554699537750385	0.6585027726432532	0.3321033210332103	0.31141380930014084	0.2052606857679662
T05E12.6b.1	0.2464183381088825	0.17679558011049726	0.2375690607734806	0.2727272727272727	0.1749287749287749	0.16890080428954424	0.0	0.0	0.2401215805471124	0.0	0.0	0.0	0.10844892812105922	0.0	0.0	0.0	0.3322756119673618	1.0	0.3918918918918919	0.10303030303030304	0.2463768115942029	0.40697674418604657	0.4448246364414029	0.12347188264058685	0.0	0.0	0.0	0.1658536585365854	0.1817334575955265	0.0	0.0	0.0	0.20718232044198887	1.0	0.0	0.0	0.0	0.15403422982885084	0.15403422982885084	0.0	0.273972602739726	0.0	0.0	0.273972602739726	0.0	0.2482435597189696	0.21498661909009809	0.1574585635359116	0.25806451612903225	0.4186550976138829	0.0	0.0
F55G11.5b.1	0.7065084627464666	0.4511035349004127	0.44193491019028985	1.0	0.18383311603650587	0.4307637401855817	0.202315661182206	0.2797619047619048	0.4538131041890441	0.2797619047619048	0.2797619047619048	0.0	0.2442808309229556	0.2431048069345941	0.24491501811089436	0.2643470402169001	0.0	0.0	0.3906499026031521	0.1953185955786736	0.0	0.0	0.0	0.27568667344862663	0.2534869617950273	0.0	0.0	0.1794605809128631	0.2459631993991739	0.1029411764705882	0.2459631993991739	0.3149639677829589	0.4487657609660807	0.0	1.0	0.11291512915129155	0.3149639677829589	0.19963560645497136	0.19963560645497136	0.2797619047619048	0.4603288062902074	0.2797619047619048	0.16251154201292706	0.4603288062902074	0.0	0.3699822380106572	0.2379235760634463	0.451123795932929	0.4267095161578289	0.0	0.31795817958179584	0.202315661182206
ENSGAGT00000027995	0.09070464767616193	0.1100987091875475	0.12072892938496582	0.11291512915129155	0.4330175913396481	0.11921032649962038	0.0	0.2660841938046068	0.11921032649962038	0.3168975069252078	0.3168975069252078	0.25572868927589365	0.07779349363507783	0.2402234636871509	0.12256267409470754	0.20659971305595404	0.3914893617021277	0.1809954751131222	0.12590448625180894	0.16831683168316836	0.21212121212121213	0.13715046604527292	0.1942633637548892	0.11805555555555558	0.0	0.2263759086188992	0.3674214755295837	0.12871287128712872	0.12256267409470754	0.9713128585892676	0.12256267409470754	0.14335664335664333	0.12376613515565682	0.0	0.11291512915129155	1.0	0.20659971305595404	0.22347949080622345	0.22347949080622345	0.3168975069252078	0.1503416856492027	0.3168975069252078	0.0	0.1503416856492027	0.0	0.11037037037037034	0.13231197771587744	0.1389521640091116	0.08801213960546284	0.13715046604527292	0.17647058823529416	0.0
C32H11.1b.1	0.2809224318658281	0.3170391061452513	0.27058006252170896	0.317064606741573	0.2422945205479452	0.2629189944134078	0.3579264947888097	0.6284801460520311	0.317064606741573	0.6460017969451932	0.6460017969451932	0.2082366589327146	0.2332899869960988	0.3499514798641437	0.2432342686368919	0.7879421221864952	0.2345346960731576	0.1385169927909372	0.30145027624309395	0.2516505840528187	0.18311345646437996	0.15685279187817258	0.1573033707865168	0.3333333333333333	0.3713578889499725	0.2082366589327146	0.0	0.2655163533350502	0.2005147402901264	0.1934566145092461	0.2005147402901264	1.0	0.2985335195530726	0.0	0.3149639677829589	0.20659971305595404	1.0	0.26989795918367343	0.26989795918367343	0.6284801460520311	0.285963687150838	0.6284801460520311	0.22391125718981095	0.285963687150838	0.16740740740740745	0.3033786137234413	0.21221062187925555	0.2951849267271458	0.2936452513966481	0.15685279187817258	0.625251256281407	0.3568294020844761
ZK896.5.2	0.2133743950725913	0.21154268158876452	0.2121476949967227	0.1970030850594976	0.2051009564293305	0.18833296919379505	0.19669966996699675	0.2696483971044468	0.17832014072119606	0.2988713318284424	0.2988713318284424	0.0	0.5165261756876663	0.2418835192069393	0.25983370642788617	0.254156010230179	0.2354177614293221	0.1534859521331946	0.2147955872809864	0.5021654395842357	0.21958684009181328	0.23382820784729585	0.20368474923234392	0.8554360812425329	0.27266710787557913	0.0	0.0	0.6837671454800734	0.2386816999132697	0.20757363253856945	0.23935389133627016	0.2684494728722037	0.20908892287524586	0.15403422982885084	0.19963560645497136	0.22347949080622345	0.26989795918367343	1.0	1.0	0.2696483971044468	0.23610202746893394	0.2696483971044468	0.5470976711852624	0.23610202746893394	0.0	0.18082368082368086	0.2327702702702703	0.20581166703080625	0.21461286804798246	0.23382820784729585	0.2906309751434035	0.19669966996699675
ZK896.5.1	0.2133743950725913	0.21154268158876452	0.2121476949967227	0.1970030850594976	0.2051009564293305	0.18833296919379505	0.19669966996699675	0.2696483971044468	0.17832014072119606	0.2988713318284424	0.2988713318284424	0.0	0.5165261756876663	0.2418835192069393	0.25983370642788617	0.254156010230179	0.2354177614293221	0.1534859521331946	0.2147955872809864	0.5021654395842357	0.21958684009181328	0.23382820784729585	0.20368474923234392	0.8554360812425329	0.27266710787557913	0.0	0.0	0.6837671454800734	0.2386816999132697	0.20757363253856945	0.23935389133627016	0.2684494728722037	0.20908892287524586	0.15403422982885084	0.19963560645497136	0.22347949080622345	0.26989795918367343	1.0	1.0	0.2696483971044468	0.23610202746893394	0.2696483971044468	0.5470976711852624	0.23610202746893394	0.0	0.18082368082368086	0.2327702702702703	0.20581166703080625	0.21461286804798246	0.23382820784729585	0.2906309751434035	0.19669966996699675
K08D8.4a.2	0.2557651991614256	0.26468531468531475	0.2688433483848558	0.29818956336528224	0.2883597883597884	0.2326315789473684	0.3211920529801324	1.0	0.3049343272985445	1.0	1.0	0.2425314465408805	0.2551451187335092	0.3638471866227265	0.24214417744916816	0.6324341891452714	0.2015037593984963	0.13453887884267635	0.2966160220994476	0.2217357713108421	0.1784660766961652	0.15557137771448915	0.19171171171171172	0.3333333333333333	0.3700831024930749	0.2425314465408805	0.34979973297730305	0.2666318810331333	0.20391786641491616	0.2977900552486188	0.20391786641491616	0.6062526404731728	0.270949720670391	0.0	0.2797619047619048	0.3168975069252078	0.6284801460520311	0.2696483971044468	0.2696483971044468	1.0	0.26950105411103303	1.0	0.2126772310258549	0.26950105411103303	0.14864197530864198	0.27665505226480835	0.19428571428571428	0.2428471737613398	0.2611731843575419	0.15557137771448915	1.0	0.32312362030905084
F55G11.7.2	0.4510048294126812	0.8121803812180381	0.7019541467918141	0.4668020621777846	0.2021563342318059	0.666615265998458	0.1841240018788164	0.26950105411103303	0.5457955611128478	0.26950105411103303	0.26950105411103303	0.0	0.21805006587615286	0.266890756302521	0.20786933927245727	0.2787856349500185	0.09779179810725558	0.273972602739726	0.4260492488771875	0.1945466349275049	0.2114803625377644	0.15384615384615385	0.22333333333333336	0.2759009009009009	0.2472864558754129	0.0	0.0	0.20460969776038265	0.17584308327598075	0.13993948562783665	0.1839515518546555	0.285963687150838	0.6924499229583976	0.273972602739726	0.4603288062902074	0.1503416856492027	0.285963687150838	0.23610202746893394	0.23610202746893394	0.26950105411103303	1.0	0.26950105411103303	0.20683287165281627	1.0	0.0	0.4337050805452293	0.19348534201954395	0.6833821941058479	0.7412469287469288	0.15384615384615385	0.3065279091769157	0.1841240018788164
K08D8.4a.1	0.2557651991614256	0.26468531468531475	0.2688433483848558	0.29818956336528224	0.2883597883597884	0.2326315789473684	0.3211920529801324	1.0	0.3049343272985445	1.0	1.0	0.2425314465408805	0.2551451187335092	0.3638471866227265	0.24214417744916816	0.6324341891452714	0.2015037593984963	0.13453887884267635	0.2966160220994476	0.2217357713108421	0.1784660766961652	0.15557137771448915	0.19171171171171172	0.3333333333333333	0.3700831024930749	0.2425314465408805	0.34979973297730305	0.2666318810331333	0.20391786641491616	0.2977900552486188	0.20391786641491616	0.6062526404731728	0.270949720670391	0.0	0.2797619047619048	0.3168975069252078	0.6284801460520311	0.2696483971044468	0.2696483971044468	1.0	0.26950105411103303	1.0	0.2126772310258549	0.26950105411103303	0.14864197530864198	0.27665505226480835	0.19428571428571428	0.2428471737613398	0.2611731843575419	0.15557137771448915	1.0	0.32312362030905084
K08D8.6b.1	0.1879039704524469	0.1916783543712015	0.18467220683287167	0.16251154201292706	0.19307733910221736	0.14589104339796855	0.05823863636363635	0.2126772310258549	0.1449676823638042	0.18008185538881305	0.18008185538881305	0.0	0.4789644012944984	0.2023575638506876	0.2328205128205129	0.21733821733821732	0.2952029520295203	0.2001953125	0.18545454545454546	1.0	0.2248144220572641	0.2545629202689721	0.1370106761565837	0.0	0.1576704545454546	0.0	0.0	0.5426532033426184	0.2328205128205129	0.0	0.2328205128205129	0.21704781704781706	0.13619575253924288	0.0	0.16251154201292706	0.0	0.22391125718981095	0.5470976711852624	0.5470976711852624	0.2126772310258549	0.20683287165281627	0.2126772310258549	1.0	0.20683287165281627	0.0	0.1940909090909091	0.21992528019925284	0.2045244690674053	0.19652092148566055	0.2545629202689721	0.2266187050359713	0.05823863636363635
