,ENSUAMT00000011591,ENSUMAT00000016818,ENSVURT00010031792,ENSMODT00000041982,ENSPCIT00000041996,ENSPVAT00000017746,ENSMLUT00000009611,ENSSHAT00000018586,ENSAMET00000018007
ENSUAMT00000011591,1.0,0.9341711549970078,0.39572649572649565,0.44356597600872405,0.3988321167883211,0.7688888888888888,0.7443985480035048,0.435562805872757,0.9235836627140975
ENSUMAT00000016818,0.9341711549970078,1.0,0.42040871201936003,0.48029085342518174,0.42074848651623553,0.8112826603325416,0.7662505887894488,0.4592445328031809,0.9814709560077299
ENSVURT00010031792,0.39572649572649565,0.42040871201936003,1.0,0.7189467658843732,0.9335217132659132,0.3944195176668537,0.4346500346500346,0.7727984957693513,0.41822085066416204
ENSMODT00000041982,0.44356597600872405,0.48029085342518174,0.7189467658843732,1.0,0.7269519188354654,0.47195203197868085,0.47930398101766414,0.7195279663756871,0.4785987261146497
ENSPCIT00000041996,0.3988321167883211,0.42074848651623553,0.9335217132659132,0.7269519188354654,1.0,0.39839034205231383,0.4287132926656263,0.7734252585396427,0.41722764115949995
ENSPVAT00000017746,0.7688888888888888,0.8112826603325416,0.3944195176668537,0.47195203197868085,0.39839034205231383,1.0,0.8489640799313473,0.4657913931436908,0.8054631828978622
ENSMLUT00000009611,0.7443985480035048,0.7662505887894488,0.4346500346500346,0.47930398101766414,0.4287132926656263,0.8489640799313473,1.0,0.4920939855179548,0.7691129697255271
ENSSHAT00000018586,0.435562805872757,0.4592445328031809,0.7727984957693513,0.7195279663756871,0.7734252585396427,0.4657913931436908,0.4920939855179548,1.0,0.46391606408620445
ENSAMET00000018007,0.9235836627140975,0.9814709560077299,0.41822085066416204,0.4785987261146497,0.41722764115949995,0.8054631828978622,0.7691129697255271,0.46391606408620445,1.0
