,ENSVURT00010032492,ENSVURT00010032494,ENSPCIT00000061213,ENSMLUT00000022391,ENSMODT00000018921,ENSSHAT00000017311,ENSMEUT00000010487,ENSPVAT00000003892
ENSVURT00010032492,1.0,1.0,0.9671061392995073,0.7535797969278833,0.9077066915987712,0.8772866871411403,0.9027740730861563,0.7538061158100196
ENSVURT00010032494,1.0,1.0,0.9731938542007192,0.8092020592020592,0.9356533158240316,0.8767880364109233,0.8958333333333334,0.8050682261208577
ENSPCIT00000061213,0.9671061392995073,0.9731938542007192,1.0,0.7623014839885447,0.9043814089758956,0.8913652742559722,0.9066453589026502,0.7561483409238777
ENSMLUT00000022391,0.7535797969278833,0.8092020592020592,0.7623014839885447,1.0,0.7324915386618068,0.728897586431833,0.7151783389742254,0.9051378283939433
ENSMODT00000018921,0.9077066915987712,0.9356533158240316,0.9043814089758956,0.7324915386618068,1.0,0.8457738015756443,0.866097626033609,0.7337670787247885
ENSSHAT00000017311,0.8772866871411403,0.8767880364109233,0.8913652742559722,0.728897586431833,0.8457738015756443,1.0,0.8508479102683937,0.721830985915493
ENSMEUT00000010487,0.9027740730861563,0.8958333333333334,0.9066453589026502,0.7151783389742254,0.866097626033609,0.8508479102683937,1.0,0.7133376707872479
ENSPVAT00000003892,0.7538061158100196,0.8050682261208577,0.7561483409238777,0.9051378283939433,0.7337670787247885,0.721830985915493,0.7133376707872479,1.0
