,ENSCABT00000004651,ENSCINT00000023257,ENSCABT00000004652,ENSCSAVT00000000997,ENSGAGT00000036886,ENSGAGT00000036887
ENSCABT00000004651,1.0,0.24586977648202135,1.0,0.2872875269332056,0.9476756756756757,0.9549972889933128
ENSCINT00000023257,0.24586977648202135,1.0,0.24586977648202135,0.5546786922209695,0.22254885007781433,0.23977740140333892
ENSCABT00000004652,1.0,0.24586977648202135,1.0,0.2872875269332056,0.9476756756756757,0.9549972889933128
ENSCSAVT00000000997,0.2872875269332056,0.5546786922209695,0.2872875269332056,1.0,0.2753896215105327,0.288135593220339
ENSGAGT00000036886,0.9476756756756757,0.22254885007781433,0.9476756756756757,0.2753896215105327,1.0,1.0
ENSGAGT00000036887,0.9549972889933128,0.23977740140333892,0.9549972889933128,0.288135593220339,1.0,1.0
