	ENSPPRT00000019544	ENSTGET00000041163	ENSOCUT00000061747	ENSNLET00000023535	ENST00000334664	ENSPSMT00000016128	ENSCJAT00000072099	ENSGGOT00000033628	ENSPTRT00000025818
ENSPPRT00000019544	1.0	0.6970227670753065	0.7635726795096323	0.7232924693520141	0.680385288966725	0.7721755368814193	0.690893169877408	0.6996497373029772	0.6707530647985991
ENSTGET00000041163	0.6970227670753065	1.0	0.8494877856579984	0.8710443037974683	0.8322784810126582	0.7952302631578947	0.7933947772657449	0.8496835443037974	0.8235759493670886
ENSOCUT00000061747	0.7635726795096323	0.8494877856579984	1.0	0.8613081166272656	0.8226950354609929	0.8643092105263158	0.8248847926267281	0.8400315208825847	0.8140267927501971
ENSNLET00000023535	0.7232924693520141	0.8710443037974683	0.8613081166272656	1.0	0.9622205088666153	0.859375	0.8156682027649771	0.979182729375482	0.953739398612182
ENST00000334664	0.680385288966725	0.8322784810126582	0.8226950354609929	0.9622205088666153	1.0	0.8190789473684209	0.7780337941628265	0.9629629629629628	0.9819040125885129
ENSPSMT00000016128	0.7721755368814193	0.7952302631578947	0.8643092105263158	0.859375	0.8190789473684209	1.0	0.7894736842105263	0.8371710526315791	0.8314144736842105
ENSCJAT00000072099	0.690893169877408	0.7933947772657449	0.8248847926267281	0.8156682027649771	0.7780337941628265	0.7894736842105263	1.0	0.7949308755760369	0.7695852534562212
ENSGGOT00000033628	0.6996497373029772	0.8496835443037974	0.8400315208825847	0.979182729375482	0.9629629629629628	0.8371710526315791	0.7949308755760369	1.0	0.9544753086419752
ENSPTRT00000025818	0.6707530647985991	0.8235759493670886	0.8140267927501971	0.953739398612182	0.9819040125885129	0.8314144736842105	0.7695852534562212	0.9544753086419752	1.0
