,FBtr0070583_FBgn0015286,FBtr0070584_FBgn0015286,FBtr0070582_FBgn0015286,Y53G8AR.3a.1_WBGene00021811,Y53G8AR.3b.1_WBGene00021811,ENSCINT00000023837_ENSCING00000001900,ENSCSAVT00000003449_ENSCSAVG00000002020,ENSCSAVT00000003450_ENSCSAVG00000002020
FBtr0070583_FBgn0015286,1.0,0.88,0.84,0.59,0.55,0.68,0.68,0.6
FBtr0070584_FBgn0015286,0.88,1.0,0.84,0.59,0.55,0.68,0.68,0.6
FBtr0070582_FBgn0015286,0.84,0.84,1.0,0.6,0.56,0.68,0.68,0.6
Y53G8AR.3a.1_WBGene00021811,0.59,0.59,0.6,1.0,0.8,0.63,0.63,0.55
Y53G8AR.3b.1_WBGene00021811,0.55,0.55,0.56,0.8,1.0,0.59,0.59,0.52
ENSCINT00000023837_ENSCING00000001900,0.68,0.68,0.68,0.63,0.59,1.0,0.88,0.74
ENSCSAVT00000003449_ENSCSAVG00000002020,0.68,0.68,0.68,0.63,0.59,0.88,1.0,0.75
ENSCSAVT00000003450_ENSCSAVG00000002020,0.6,0.6,0.6,0.55,0.52,0.74,0.75,1.0
