,FBtr0091449_FBgn0053509,FBtr0300360_FBgn0053510,FBtr0346727_FBgn0053511,FBtr0081464_FBgn0032913,FBtr0332033_FBgn0032913,FBtr0332034_FBgn0032913
FBtr0091449_FBgn0053509,1.0,0.32,0.41,0.13,0.13,0.13
FBtr0300360_FBgn0053510,0.32,1.0,0.41,0.14,0.14,0.14
FBtr0346727_FBgn0053511,0.41,0.41,1.0,0.12,0.12,0.12
FBtr0081464_FBgn0032913,0.13,0.14,0.12,1.0,1.0,1.0
FBtr0332033_FBgn0032913,0.13,0.14,0.12,1.0,1.0,1.0
FBtr0332034_FBgn0032913,0.13,0.14,0.12,1.0,1.0,1.0
