,ENSPNYT00000028566_ENSPNYG00000020990,ENSNBRT00000020526_ENSNBRG00000015407,ENSACIT00000008875_ENSACIG00000006745,ENSSPAT00000027123_ENSSPAG00000020122,ENSLCRT00005003697_ENSLCRG00005001870,ENSCAPT00000020642_ENSCAPG00000016656,ENSFDAT00000003104_ENSFDAG00000001480,ENSSDAT00000031084_ENSSDAG00000024644,ENSTSYT00000044666_ENSTSYG00000037121
ENSPNYT00000028566_ENSPNYG00000020990,1.0,0.38,0.38,0.38,0.25,0.38,0.38,0.1,0.38
ENSNBRT00000020526_ENSNBRG00000015407,0.38,1.0,0.67,0.67,0.33,0.67,0.67,0.25,0.38
ENSACIT00000008875_ENSACIG00000006745,0.38,0.67,1.0,0.83,0.5,0.83,0.83,0.25,0.5
ENSSPAT00000027123_ENSSPAG00000020122,0.38,0.67,0.83,1.0,0.5,0.83,0.83,0.25,0.5
ENSLCRT00005003697_ENSLCRG00005001870,0.25,0.33,0.5,0.5,1.0,0.5,0.5,1e-18,0.38
ENSCAPT00000020642_ENSCAPG00000016656,0.38,0.67,0.83,0.83,0.5,1.0,0.83,0.25,0.5
ENSFDAT00000003104_ENSFDAG00000001480,0.38,0.67,0.83,0.83,0.5,0.83,1.0,0.25,0.5
ENSSDAT00000031084_ENSSDAG00000024644,0.1,0.25,0.25,0.25,1e-18,0.25,0.25,1.0,0.1
ENSTSYT00000044666_ENSTSYG00000037121,0.38,0.38,0.5,0.5,0.38,0.5,0.5,0.1,1.0
