,ENSEBUT00000006885_ENSEBUG00000004259,ENSEBUT00000006906_ENSEBUG00000004259,ENSPVIT00000039489_ENSPVIG00000023639,ENSPVIT00000039490_ENSPVIG00000023639,ENSPVIT00000039492_ENSPVIG00000023639,ENSACAT00000002121_ENSACAG00000002110
ENSEBUT00000006885_ENSEBUG00000004259,1.0,0.97,0.51,0.45,0.42,0.47
ENSEBUT00000006906_ENSEBUG00000004259,0.97,1.0,0.51,0.45,0.42,0.47
ENSPVIT00000039489_ENSPVIG00000023639,0.51,0.51,1.0,0.92,0.88,0.87
ENSPVIT00000039490_ENSPVIG00000023639,0.45,0.45,0.92,1.0,0.82,0.81
ENSPVIT00000039492_ENSPVIG00000023639,0.42,0.42,0.88,0.82,1.0,0.76
ENSACAT00000002121_ENSACAG00000002110,0.47,0.47,0.87,0.81,0.76,1.0
