,ENSCINT00000014265_ENSCING00000006951,ENSCSAVT00000006492_ENSCSAVG00000003840,ENSSFOT00015021210_ENSSFOG00015013510,ENSSFOT00015021222_ENSSFOG00015013510,ENSPKIT00000002025_ENSPKIG00000005818,ENSPKIT00000002038_ENSPKIG00000005818,ENSPKIT00000002063_ENSPKIG00000005818
ENSCINT00000014265_ENSCING00000006951,1.0,0.42,0.53,0.44,0.53,0.67,0.46
ENSCSAVT00000006492_ENSCSAVG00000003840,0.42,1.0,0.43,0.48,0.3,0.45,0.48
ENSSFOT00015021210_ENSSFOG00015013510,0.53,0.43,1.0,0.63,0.55,0.7,0.75
ENSSFOT00015021222_ENSSFOG00015013510,0.44,0.48,0.63,1.0,0.44,0.59,0.62
ENSPKIT00000002025_ENSPKIG00000005818,0.53,0.3,0.55,0.44,1.0,0.78,0.53
ENSPKIT00000002038_ENSPKIG00000005818,0.67,0.45,0.7,0.59,0.78,1.0,0.68
ENSPKIT00000002063_ENSPKIG00000005818,0.46,0.48,0.75,0.62,0.53,0.68,1.0
