,ENSEBUT00000003977_ENSEBUG00000002549,ENSEBUT00000004002_ENSEBUG00000002549,ENSEBUT00000004019_ENSEBUG00000002549,ENSEBUT00000004033_ENSEBUG00000002549,ENSEBUT00000004051_ENSEBUG00000002549,ENSEBUT00000004068_ENSEBUG00000002549,ENSHHUT00000016485_ENSHHUG00000009906,ENSLACT00000024982_ENSLACG00000017806,ENSLACT00000020400_ENSLACG00000017806
ENSEBUT00000003977_ENSEBUG00000002549,1.0,1.0,1.0,1.0,1.0,0.63,0.27,0.23,0.27
ENSEBUT00000004002_ENSEBUG00000002549,1.0,1.0,1.0,1.0,1.0,0.63,0.27,0.23,0.27
ENSEBUT00000004019_ENSEBUG00000002549,1.0,1.0,1.0,1.0,1.0,0.63,0.27,0.23,0.27
ENSEBUT00000004033_ENSEBUG00000002549,1.0,1.0,1.0,1.0,1.0,0.63,0.27,0.23,0.27
ENSEBUT00000004051_ENSEBUG00000002549,1.0,1.0,1.0,1.0,1.0,0.63,0.27,0.23,0.27
ENSEBUT00000004068_ENSEBUG00000002549,0.63,0.63,0.63,0.63,0.63,1.0,0.41,0.36,0.41
ENSHHUT00000016485_ENSHHUG00000009906,0.27,0.27,0.27,0.27,0.27,0.41,1.0,0.7,0.73
ENSLACT00000024982_ENSLACG00000017806,0.23,0.23,0.23,0.23,0.23,0.36,0.7,1.0,0.92
ENSLACT00000020400_ENSLACG00000017806,0.27,0.27,0.27,0.27,0.27,0.41,0.73,0.92,1.0
