,ENSSART00000009571_ENSSARG00000009570,ENSPPAT00000041966_ENSPPAG00000032774,ENSPPAT00000041971_ENSPPAG00000032774,ENSPTRT00000007286_ENSPTRG00000003898,ENSPTRT00000077266_ENSPTRG00000003898,ENSGGOT00000010889_ENSGGOG00000010850,ENST00000307886_ENSG00000172543
ENSSART00000009571_ENSSARG00000009570,1.0,0.34,0.26,0.34,0.26,0.34,0.35
ENSPPAT00000041966_ENSPPAG00000032774,0.34,1.0,0.88,1.0,0.88,0.99,1.0
ENSPPAT00000041971_ENSPPAG00000032774,0.26,0.88,1.0,0.88,1.0,0.88,0.88
ENSPTRT00000007286_ENSPTRG00000003898,0.34,1.0,0.88,1.0,0.88,0.99,1.0
ENSPTRT00000077266_ENSPTRG00000003898,0.26,0.88,1.0,0.88,1.0,0.88,0.88
ENSGGOT00000010889_ENSGGOG00000010850,0.34,0.99,0.88,0.99,0.88,1.0,0.99
ENST00000307886_ENSG00000172543,0.35,1.0,0.88,1.0,0.88,0.99,1.0
