,ENSMLET00000062390_ENSMLEG00000043446,ENSMLET00000025971_ENSMLEG00000023774,ENSMFAT00000065622_ENSMFAG00000030769,ENSTGET00000042171_ENSTGEG00000028290,ENSPANT00000028652_ENSPANG00000033549,ENSCSAT00000014658_ENSCSAG00000016564,ENSRBIT00000032804_ENSRBIG00000028479,ENSRROT00000041160_ENSRROG00000032619
ENSMLET00000062390_ENSMLEG00000043446,1.0,0.97,0.97,0.83,0.98,0.82,0.87,0.97
ENSMLET00000025971_ENSMLEG00000023774,0.97,1.0,0.98,0.85,0.99,0.83,0.87,0.97
ENSMFAT00000065622_ENSMFAG00000030769,0.97,0.98,1.0,0.84,0.99,0.82,0.87,0.97
ENSTGET00000042171_ENSTGEG00000028290,0.83,0.85,0.84,1.0,0.85,0.79,0.83,0.82
ENSPANT00000028652_ENSPANG00000033549,0.98,0.99,0.99,0.85,1.0,0.83,0.87,0.97
ENSCSAT00000014658_ENSCSAG00000016564,0.82,0.83,0.82,0.79,0.83,1.0,0.82,0.81
ENSRBIT00000032804_ENSRBIG00000028479,0.87,0.87,0.87,0.83,0.87,0.82,1.0,0.88
ENSRROT00000041160_ENSRROG00000032619,0.97,0.97,0.97,0.82,0.97,0.81,0.88,1.0
