,ENSPKIT00000014358_ENSPKIG00000013171,ENSPKIT00000014388_ENSPKIG00000013171,ENSPKIT00000014424_ENSPKIG00000013171,ENSPKIT00000014436_ENSPKIG00000013171,ENSPKIT00000014453_ENSPKIG00000013171,ENSPKIT00000014481_ENSPKIG00000013171,ENSPKIT00000014487_ENSPKIG00000013171
ENSPKIT00000014358_ENSPKIG00000013171,1.0,0.77,0.49,0.43,0.38,0.26,0.25
ENSPKIT00000014388_ENSPKIG00000013171,0.77,1.0,0.54,0.47,0.39,0.26,0.25
ENSPKIT00000014424_ENSPKIG00000013171,0.49,0.54,1.0,0.87,0.58,0.39,0.36
ENSPKIT00000014436_ENSPKIG00000013171,0.43,0.47,0.87,1.0,0.63,0.41,0.38
ENSPKIT00000014453_ENSPKIG00000013171,0.38,0.39,0.58,0.63,1.0,0.5,0.47
ENSPKIT00000014481_ENSPKIG00000013171,0.26,0.26,0.39,0.41,0.5,1.0,0.71
ENSPKIT00000014487_ENSPKIG00000013171,0.25,0.25,0.36,0.38,0.47,0.71,1.0
