,F29F11.2.1_WBGene00009255,C32C4.7.1_WBGene00044286,C35A5.2.1_WBGene00007946,F10D2.2a.1_WBGene00017329,F10D2.2b.1_WBGene00017329,F10D2.7.1_WBGene00017333
F29F11.2.1_WBGene00009255,1.0,0.66,0.72,0.6,0.43,0.6
C32C4.7.1_WBGene00044286,0.66,1.0,0.64,0.51,0.39,0.51
C35A5.2.1_WBGene00007946,0.72,0.64,1.0,0.55,0.42,0.55
F10D2.2a.1_WBGene00017329,0.6,0.51,0.55,1.0,0.73,0.92
F10D2.2b.1_WBGene00017329,0.43,0.39,0.42,0.73,1.0,0.71
F10D2.7.1_WBGene00017333,0.6,0.51,0.55,0.92,0.71,1.0
