,FBtr0082879_FBgn0038188,FBtr0346508_FBgn0052152,FBtr0346507_FBgn0052152,FBtr0082878_FBgn0038189,FBtr0083135_FBgn0038306,FBtr0083134_FBgn0038306
FBtr0082879_FBgn0038188,1.0,0.29,0.29,0.34,0.14,0.12
FBtr0346508_FBgn0052152,0.29,1.0,0.9,0.35,0.16,0.13
FBtr0346507_FBgn0052152,0.29,0.9,1.0,0.35,0.16,0.13
FBtr0082878_FBgn0038189,0.34,0.35,0.35,1.0,0.21,0.18
FBtr0083135_FBgn0038306,0.14,0.16,0.16,0.21,1.0,0.57
FBtr0083134_FBgn0038306,0.12,0.13,0.13,0.18,0.57,1.0
