,ENSGWIT00000023946_ENSGWIG00000011744,ENSKMAT00000001149_ENSKMAG00000000887,ENSFHET00000002672_ENSFHEG00000009301,ENSAPET00000006845_ENSAPEG00000004780,ENSAPET00000003081_ENSAPEG00000002183,ENSAPET00000030873_ENSAPEG00000021362,ENSAOCT00000007735_ENSAOCG00000001858
ENSGWIT00000023946_ENSGWIG00000011744,1.0,0.94,0.26,0.91,0.9,0.85,0.91
ENSKMAT00000001149_ENSKMAG00000000887,0.94,1.0,0.26,0.9,0.89,0.86,0.89
ENSFHET00000002672_ENSFHEG00000009301,0.26,0.26,1.0,0.24,0.21,0.17,0.21
ENSAPET00000006845_ENSAPEG00000004780,0.91,0.9,0.24,1.0,0.95,0.8,0.92
ENSAPET00000003081_ENSAPEG00000002183,0.9,0.89,0.21,0.95,1.0,0.81,0.91
ENSAPET00000030873_ENSAPEG00000021362,0.85,0.86,0.17,0.8,0.81,1.0,0.82
ENSAOCT00000007735_ENSAOCG00000001858,0.91,0.89,0.21,0.92,0.91,0.82,1.0
