,FBtr0077844_FBgn0010288,FBtr0330676_FBgn0010288,FBtr0303459_FBgn0010288,ENSEBUT00000009865_ENSEBUG00000006023,ENSEBUT00000009875_ENSEBUG00000006023,ENSEBUT00000009892_ENSEBUG00000006023,ENSPTET00000032674_ENSPTEG00000023641,ENSPTET00000032723_ENSPTEG00000023670,YJR099W_mRNA_YJR099W
FBtr0077844_FBgn0010288,1.0,0.9,0.9,0.27,0.29,0.33,0.28,0.28,0.36
FBtr0330676_FBgn0010288,0.9,1.0,0.9,0.27,0.29,0.33,0.28,0.28,0.36
FBtr0303459_FBgn0010288,0.9,0.9,1.0,0.27,0.29,0.33,0.28,0.28,0.36
ENSEBUT00000009865_ENSEBUG00000006023,0.27,0.27,0.27,1.0,0.94,0.8,0.23,0.23,0.17
ENSEBUT00000009875_ENSEBUG00000006023,0.29,0.29,0.29,0.94,1.0,0.82,0.25,0.25,0.2
ENSEBUT00000009892_ENSEBUG00000006023,0.33,0.33,0.33,0.8,0.82,1.0,0.24,0.24,0.24
ENSPTET00000032674_ENSPTEG00000023641,0.28,0.28,0.28,0.23,0.25,0.24,1.0,0.96,0.23
ENSPTET00000032723_ENSPTEG00000023670,0.28,0.28,0.28,0.23,0.25,0.24,0.96,1.0,0.23
YJR099W_mRNA_YJR099W,0.36,0.36,0.36,0.17,0.2,0.24,0.23,0.23,1.0
