,ENSECRT00000031407_ENSECRG00000020872,ENSORLT00000032191_ENSORLG00000024356,ENSSTOT00000015053_ENSSTOG00000015054,ENSNGAT00000015373_ENSNGAG00000012428,ENSCLAT00000025915_ENSCLAG00000017741,ENSODET00000027003_ENSODEG00000019938,ENSCAPT00000015215_ENSCAPG00000012539,ENSCPOT00000045364_ENSCPOG00000040506,ENSFDAT00000014329_ENSFDAG00000010488
ENSECRT00000031407_ENSECRG00000020872,1.0,0.33,0.19,0.39,0.25,0.25,0.25,0.25,0.25
ENSORLT00000032191_ENSORLG00000024356,0.33,1.0,0.07,0.35,0.08,0.08,0.08,0.08,0.08
ENSSTOT00000015053_ENSSTOG00000015054,0.19,0.07,1.0,0.22,0.58,0.57,0.58,0.58,0.58
ENSNGAT00000015373_ENSNGAG00000012428,0.39,0.35,0.22,1.0,0.32,0.32,0.32,0.32,0.32
ENSCLAT00000025915_ENSCLAG00000017741,0.25,0.08,0.58,0.32,1.0,0.77,0.78,0.78,0.78
ENSODET00000027003_ENSODEG00000019938,0.25,0.08,0.57,0.32,0.77,1.0,0.77,0.77,0.77
ENSCAPT00000015215_ENSCAPG00000012539,0.25,0.08,0.58,0.32,0.78,0.77,1.0,0.8,0.77
ENSCPOT00000045364_ENSCPOG00000040506,0.25,0.08,0.58,0.32,0.78,0.77,0.8,1.0,0.77
ENSFDAT00000014329_ENSFDAG00000010488,0.25,0.08,0.58,0.32,0.78,0.77,0.77,0.77,1.0
