,ENSTGET00000020693_ENSTGEG00000014021,ENSPANT00000048379_ENSPANG00000031764,ENSCATT00000021226_ENSCATG00000018474,ENSMLET00000025562_ENSMLEG00000023430,ENSMNET00000040577_ENSMNEG00000032217,ENSMFAT00000064834_ENSMFAG00000030311,ENSRROT00000061678_ENSRROG00000042042,ENSRBIT00000042669_ENSRBIG00000033394,ENSPPAT00000039379_ENSPPAG00000031455
ENSTGET00000020693_ENSTGEG00000014021,1.0,1.0,1.0,0.99,0.68,0.79,0.62,0.68,0.5
ENSPANT00000048379_ENSPANG00000031764,1.0,1.0,0.99,0.99,0.68,0.79,0.62,0.68,0.5
ENSCATT00000021226_ENSCATG00000018474,1.0,0.99,1.0,0.99,0.68,0.79,0.62,0.68,0.51
ENSMLET00000025562_ENSMLEG00000023430,0.99,0.99,0.99,1.0,0.68,0.79,0.61,0.68,0.5
ENSMNET00000040577_ENSMNEG00000032217,0.68,0.68,0.68,0.68,1.0,0.84,0.87,0.84,0.6
ENSMFAT00000064834_ENSMFAG00000030311,0.79,0.79,0.79,0.79,0.84,1.0,0.77,0.82,0.65
ENSRROT00000061678_ENSRROG00000042042,0.62,0.62,0.62,0.61,0.87,0.77,1.0,0.83,0.54
ENSRBIT00000042669_ENSRBIG00000033394,0.68,0.68,0.68,0.68,0.84,0.82,0.83,1.0,0.56
ENSPPAT00000039379_ENSPPAG00000031455,0.5,0.5,0.51,0.5,0.6,0.65,0.54,0.56,1.0
