,ENSCHAT00000038228_ENSCHAG00000016762,ENSCHAT00000038280_ENSCHAG00000016762,ENSCHAT00000038299_ENSCHAG00000016762,ENSCHAT00000038312_ENSCHAG00000016762,ENSCHAT00000038324_ENSCHAG00000016762,ENSDCDT00000045394_ENSDCDG00000023850,ENSDCDT00000045395_ENSDCDG00000023850,ENSDCDT00000045396_ENSDCDG00000023850,ENSDCDT00000045397_ENSDCDG00000023850
ENSCHAT00000038228_ENSCHAG00000016762,1.0,0.75,0.6,0.69,0.81,0.94,0.69,0.55,0.7
ENSCHAT00000038280_ENSCHAG00000016762,0.75,1.0,0.83,0.63,0.75,0.69,0.93,0.77,0.64
ENSCHAT00000038299_ENSCHAG00000016762,0.6,0.83,1.0,0.5,0.6,0.55,0.77,0.94,0.51
ENSCHAT00000038312_ENSCHAG00000016762,0.69,0.63,0.5,1.0,0.69,0.63,0.57,0.45,0.71
ENSCHAT00000038324_ENSCHAG00000016762,0.81,0.75,0.6,0.69,1.0,0.76,0.7,0.56,0.71
ENSDCDT00000045394_ENSDCDG00000023850,0.94,0.69,0.55,0.63,0.76,1.0,0.75,0.6,0.75
ENSDCDT00000045395_ENSDCDG00000023850,0.69,0.93,0.77,0.57,0.7,0.75,1.0,0.83,0.69
ENSDCDT00000045396_ENSDCDG00000023850,0.55,0.77,0.94,0.45,0.56,0.6,0.83,1.0,0.56
ENSDCDT00000045397_ENSDCDG00000023850,0.7,0.64,0.51,0.71,0.71,0.75,0.69,0.56,1.0
