,ENSAHAT00000017441_ENSAHAG00000011269,ENSAOWT00000031590_ENSAOWG00000018783,ENSARWT00000019100_ENSARWG00000011478,ENSARWT00000019110_ENSARWG00000011478,ENSDNVT00000007499_ENSDNVG00000004457,ENSDNVT00000007509_ENSDNVG00000004457
ENSAHAT00000017441_ENSAHAG00000011269,1.0,0.66,0.29,0.73,0.3,0.3
ENSAOWT00000031590_ENSAOWG00000018783,0.66,1.0,0.29,0.79,0.42,0.42
ENSARWT00000019100_ENSARWG00000011478,0.29,0.29,1.0,0.37,0.59,0.59
ENSARWT00000019110_ENSARWG00000011478,0.73,0.79,0.37,1.0,0.34,0.34
ENSDNVT00000007499_ENSDNVG00000004457,0.3,0.42,0.59,0.34,1.0,0.98
ENSDNVT00000007509_ENSDNVG00000004457,0.3,0.42,0.59,0.34,0.98,1.0
