,ENSCHAT00000010707_ENSCHAG00000003004,ENSCHAT00000011528_ENSCHAG00000003004,ENSCHAT00000011726_ENSCHAG00000003004,ENSCHAT00000011988_ENSCHAG00000003004,ENSDCDT00000047110_ENSDCDG00000024032,ENSDCDT00000047121_ENSDCDG00000024032,ENSDCDT00000047125_ENSDCDG00000024032
ENSCHAT00000010707_ENSCHAG00000003004,1.0,0.57,0.86,0.69,0.62,0.54,0.5
ENSCHAT00000011528_ENSCHAG00000003004,0.57,1.0,0.66,0.78,0.82,0.56,0.52
ENSCHAT00000011726_ENSCHAG00000003004,0.86,0.66,1.0,0.66,0.71,0.62,0.57
ENSCHAT00000011988_ENSCHAG00000003004,0.69,0.78,0.66,1.0,0.84,0.57,0.52
ENSDCDT00000047110_ENSDCDG00000024032,0.62,0.82,0.71,0.84,1.0,0.68,0.61
ENSDCDT00000047121_ENSDCDG00000024032,0.54,0.56,0.62,0.57,0.68,1.0,0.88
ENSDCDT00000047125_ENSDCDG00000024032,0.5,0.52,0.57,0.52,0.61,0.88,1.0
