,ENSMODT00000062291_ENSMODG00000045170,ENSMODT00000081628_ENSMODG00000040698,ENSMODT00000083182_ENSMODG00000037296,ENSMODT00000065068_ENSMODG00000041583,ENSSHAT00000000785_ENSSHAG00000000692,ENSSHAT00000007919_ENSSHAG00000006818
ENSMODT00000062291_ENSMODG00000045170,1.0,0.97,0.96,0.97,0.7,0.68
ENSMODT00000081628_ENSMODG00000040698,0.97,1.0,0.97,0.97,0.71,0.69
ENSMODT00000083182_ENSMODG00000037296,0.96,0.97,1.0,0.96,0.71,0.69
ENSMODT00000065068_ENSMODG00000041583,0.97,0.97,0.96,1.0,0.71,0.69
ENSSHAT00000000785_ENSSHAG00000000692,0.7,0.71,0.71,0.71,1.0,0.93
ENSSHAT00000007919_ENSSHAG00000006818,0.68,0.69,0.69,0.69,0.93,1.0
