,ENSARWT00000014116_ENSARWG00000008561,ENSARWT00000014117_ENSARWG00000008561,ENSAHAT00000028940_ENSAHAG00000018310,ENSAOWT00000014081_ENSAOWG00000008477,ENSDNVT00000010117_ENSDNVG00000005964,ENSDNVT00000010124_ENSDNVG00000005964
ENSARWT00000014116_ENSARWG00000008561,1.0,0.78,1.0,0.71,0.63,0.46
ENSARWT00000014117_ENSARWG00000008561,0.78,1.0,0.78,0.51,0.46,0.58
ENSAHAT00000028940_ENSAHAG00000018310,1.0,0.78,1.0,0.71,0.62,0.46
ENSAOWT00000014081_ENSAOWG00000008477,0.71,0.51,0.71,1.0,0.53,0.37
ENSDNVT00000010117_ENSDNVG00000005964,0.63,0.46,0.62,0.53,1.0,0.78
ENSDNVT00000010124_ENSDNVG00000005964,0.46,0.58,0.46,0.37,0.78,1.0
