,ENSMLET00000013117_ENSMLEG00000011939,ENSPANT00000042154_ENSPANG00000034094,ENSMFAT00000070897_ENSMFAG00000033153,ENSMNET00000069840_ENSMNEG00000045192,ENSCATT00000050932_ENSCATG00000036746,ENSPTRT00000098940_ENSPTRG00000050226,ENSGGOT00000060986_ENSGGOG00000037202,ENSNLET00000045086_ENSNLEG00000033421,ENSRBIT00000032802_ENSRBIG00000028477
ENSMLET00000013117_ENSMLEG00000011939,1.0,0.97,1.0,1.0,0.97,0.93,0.91,0.45,0.93
ENSPANT00000042154_ENSPANG00000034094,0.97,1.0,0.97,0.97,0.94,0.9,0.89,0.43,0.91
ENSMFAT00000070897_ENSMFAG00000033153,1.0,0.97,1.0,1.0,0.96,0.92,0.91,0.45,0.93
ENSMNET00000069840_ENSMNEG00000045192,1.0,0.97,1.0,1.0,0.96,0.92,0.91,0.45,0.93
ENSCATT00000050932_ENSCATG00000036746,0.97,0.94,0.96,0.96,1.0,0.95,0.88,0.42,0.9
ENSPTRT00000098940_ENSPTRG00000050226,0.93,0.9,0.92,0.92,0.95,1.0,0.92,0.42,0.9
ENSGGOT00000060986_ENSGGOG00000037202,0.91,0.89,0.91,0.91,0.88,0.92,1.0,0.49,0.91
ENSNLET00000045086_ENSNLEG00000033421,0.45,0.43,0.45,0.45,0.42,0.42,0.49,1.0,0.42
ENSRBIT00000032802_ENSRBIG00000028477,0.93,0.91,0.93,0.93,0.9,0.9,0.91,0.42,1.0
