,ENSSDAT00000012812_ENSSDAG00000010222,ENSSDAT00000012803_ENSSDAG00000010213,ENSSTOT00000034268_ENSSTOG00000029752,ENSUPAT00010012631_ENSUPAG00010008892,ENSOCUT00000057662_ENSOCUG00000033314,ENSPSMT00000031258_ENSPSMG00000018931
ENSSDAT00000012812_ENSSDAG00000010222,1.0,0.78,0.9,0.86,0.7,0.86
ENSSDAT00000012803_ENSSDAG00000010213,0.78,1.0,0.84,0.8,0.62,0.81
ENSSTOT00000034268_ENSSTOG00000029752,0.9,0.84,1.0,0.94,0.71,0.94
ENSUPAT00010012631_ENSUPAG00010008892,0.86,0.8,0.94,1.0,0.69,0.89
ENSOCUT00000057662_ENSOCUG00000033314,0.7,0.62,0.71,0.69,1.0,0.71
ENSPSMT00000031258_ENSPSMG00000018931,0.86,0.81,0.94,0.89,0.71,1.0
