,ENSPMAT00000001659_ENSPMAG00000001493,ENSEBUT00000004919_ENSEBUG00000003163,ENSEBUT00000004950_ENSEBUG00000003163,ENSEBUT00000004969_ENSEBUG00000003163,ENSEBUT00000005003_ENSEBUG00000003163,ENSEBUT00000005027_ENSEBUG00000003163,ENSEBUT00000005047_ENSEBUG00000003163,ENSEBUT00000005087_ENSEBUG00000003163
ENSPMAT00000001659_ENSPMAG00000001493,1.0,0.25,0.28,0.29,0.3,0.33,0.35,0.3
ENSEBUT00000004919_ENSEBUG00000003163,0.25,1.0,0.83,0.81,0.79,0.68,0.65,0.81
ENSEBUT00000004950_ENSEBUG00000003163,0.28,0.83,1.0,0.93,0.91,0.79,0.75,0.88
ENSEBUT00000004969_ENSEBUG00000003163,0.29,0.81,0.93,1.0,0.98,0.86,0.81,0.92
ENSEBUT00000005003_ENSEBUG00000003163,0.3,0.79,0.91,0.98,1.0,0.88,0.84,0.9
ENSEBUT00000005027_ENSEBUG00000003163,0.33,0.68,0.79,0.86,0.88,1.0,0.86,0.78
ENSEBUT00000005047_ENSEBUG00000003163,0.35,0.65,0.75,0.81,0.84,0.86,1.0,0.74
ENSEBUT00000005087_ENSEBUG00000003163,0.3,0.81,0.88,0.92,0.9,0.78,0.74,1.0
