,ENSSMRT00000004547_ENSSMRG00000003209,ENSSMRT00000004551_ENSSMRG00000003209,ENSSMRT00000004555_ENSSMRG00000003209,ENSSMRT00000004558_ENSSMRG00000003209,ENSSMRT00000004564_ENSSMRG00000003209,ENSSMRT00000004567_ENSSMRG00000003209
ENSSMRT00000004547_ENSSMRG00000003209,1.0,0.91,0.83,0.83,0.83,1.0
ENSSMRT00000004551_ENSSMRG00000003209,0.91,1.0,0.92,0.92,0.91,0.91
ENSSMRT00000004555_ENSSMRG00000003209,0.83,0.92,1.0,0.84,0.83,0.83
ENSSMRT00000004558_ENSSMRG00000003209,0.83,0.92,0.84,1.0,0.83,0.83
ENSSMRT00000004564_ENSSMRG00000003209,0.83,0.91,0.83,0.83,1.0,0.83
ENSSMRT00000004567_ENSSMRG00000003209,1.0,0.91,0.83,0.83,0.83,1.0
