,ENSUAMT00000000114_ENSUAMG00000000133,ENSUAMT00000000195_ENSUAMG00000000133,ENSUMAT00000040315_ENSUMAG00000024535,ENSVVUT00000004179_ENSVVUG00000002372,ENSVVUT00000004189_ENSVVUG00000002372,ENSVVUT00000004204_ENSVVUG00000002372,ENSVVUT00000004211_ENSVVUG00000002372
ENSUAMT00000000114_ENSUAMG00000000133,1.0,0.28,1.0,0.65,0.65,0.67,0.56
ENSUAMT00000000195_ENSUAMG00000000133,0.28,1.0,0.28,0.23,0.22,0.25,0.24
ENSUMAT00000040315_ENSUMAG00000024535,1.0,0.28,1.0,0.65,0.65,0.67,0.56
ENSVVUT00000004179_ENSVVUG00000002372,0.65,0.23,0.65,1.0,0.66,0.68,0.6
ENSVVUT00000004189_ENSVVUG00000002372,0.65,0.22,0.65,0.66,1.0,0.67,0.59
ENSVVUT00000004204_ENSVVUG00000002372,0.67,0.25,0.67,0.68,0.67,1.0,0.62
ENSVVUT00000004211_ENSVVUG00000002372,0.56,0.24,0.56,0.6,0.59,0.62,1.0
