,ENSHCOT00000019937_ENSHCOG00000015915,ENSHCOT00000020004_ENSHCOG00000015915,ENSCVAT00000022701_ENSCVAG00000017479,ENSHHUT00000038961_ENSHHUG00000023458,ENSHHUT00000038963_ENSHHUG00000023458,ENSIPUT00000015449_ENSIPUG00000010096
ENSHCOT00000019937_ENSHCOG00000015915,1.0,0.57,0.17,0.11,0.12,0.31
ENSHCOT00000020004_ENSHCOG00000015915,0.57,1.0,0.17,0.12,0.12,0.5
ENSCVAT00000022701_ENSCVAG00000017479,0.17,0.17,1.0,0.14,0.17,0.14
ENSHHUT00000038961_ENSHHUG00000023458,0.11,0.12,0.14,1.0,0.57,0.11
ENSHHUT00000038963_ENSHHUG00000023458,0.12,0.12,0.17,0.57,1.0,0.11
ENSIPUT00000015449_ENSIPUG00000010096,0.31,0.5,0.14,0.11,0.11,1.0
