,ENSPPAT00000010769_ENSPPAG00000009976,ENSPTRT00000096993_ENSPTRG00000049487,ENSGGOT00000044029_ENSGGOG00000041108,ENSMNET00000060593_ENSMNEG00000041203,ENSMMUT00000082803_ENSMMUG00000057424,ENSMMUT00000096213_ENSMMUG00000057424,ENSMLET00000035660_ENSMLEG00000030282,ENSRBIT00000059292_ENSRBIG00000041314,ENSCCAT00000045492_ENSCCAG00000031828
ENSPPAT00000010769_ENSPPAG00000009976,1.0,1.0,0.58,0.57,0.52,0.52,0.57,0.55,0.56
ENSPTRT00000096993_ENSPTRG00000049487,1.0,1.0,0.58,0.57,0.52,0.52,0.57,0.55,0.56
ENSGGOT00000044029_ENSGGOG00000041108,0.58,0.58,1.0,0.58,0.52,0.52,0.99,0.97,0.98
ENSMNET00000060593_ENSMNEG00000041203,0.57,0.57,0.58,1.0,0.53,0.53,0.59,0.57,0.56
ENSMMUT00000082803_ENSMMUG00000057424,0.52,0.52,0.52,0.53,1.0,1.0,0.52,0.51,0.52
ENSMMUT00000096213_ENSMMUG00000057424,0.52,0.52,0.52,0.53,1.0,1.0,0.52,0.51,0.52
ENSMLET00000035660_ENSMLEG00000030282,0.57,0.57,0.99,0.59,0.52,0.52,1.0,0.98,0.97
ENSRBIT00000059292_ENSRBIG00000041314,0.55,0.55,0.97,0.57,0.51,0.51,0.98,1.0,0.96
ENSCCAT00000045492_ENSCCAG00000031828,0.56,0.56,0.98,0.56,0.52,0.52,0.97,0.96,1.0
