,FBtr0075786_FBgn0036397,FBtr0333025_FBgn0036397,FBtr0075785_FBgn0036397,F35H10.7a.1_WBGene00018072,F35H10.7a.2_WBGene00018072,F35H10.7b.1_WBGene00018072,ENSSMAT00000007997_ENSSMAG00000004856
FBtr0075786_FBgn0036397,1.0,0.67,0.67,0.14,0.14,0.17,0.06
FBtr0333025_FBgn0036397,0.67,1.0,0.67,0.14,0.14,0.17,0.06
FBtr0075785_FBgn0036397,0.67,0.67,1.0,0.14,0.14,0.17,0.06
F35H10.7a.1_WBGene00018072,0.14,0.14,0.14,1.0,0.67,0.42,0.09
F35H10.7a.2_WBGene00018072,0.14,0.14,0.14,0.67,1.0,0.42,0.09
F35H10.7b.1_WBGene00018072,0.17,0.17,0.17,0.42,0.42,1.0,0.12
ENSSMAT00000007997_ENSSMAG00000004856,0.06,0.06,0.06,0.09,0.09,0.12,1.0
