,ENSPPAT00000049288_ENSPPAG00000036333,ENSPTRT00000087416_ENSPTRG00000052872,ENSGGOT00000058891_ENSGGOG00000038319,ENSPPAT00000046556_ENSPPAG00000035025,ENSPTRT00000089780_ENSPTRG00000048102,ENSPANT00000034994_ENSPANG00000034809
ENSPPAT00000049288_ENSPPAG00000036333,1.0,0.69,0.27,0.43,0.43,0.48
ENSPTRT00000087416_ENSPTRG00000052872,0.69,1.0,0.32,0.43,0.48,0.58
ENSGGOT00000058891_ENSGGOG00000038319,0.27,0.32,1.0,0.31,0.35,0.22
ENSPPAT00000046556_ENSPPAG00000035025,0.43,0.43,0.31,1.0,0.74,0.43
ENSPTRT00000089780_ENSPTRG00000048102,0.43,0.48,0.35,0.74,1.0,0.48
ENSPANT00000034994_ENSPANG00000034809,0.48,0.58,0.22,0.43,0.48,1.0
