,ENSMMUT00000097140_ENSMMUG00000064373,ENSMMUT00000095078_ENSMMUG00000059133,ENSTGET00000018698_ENSTGEG00000012624,ENSOCUT00000064402_ENSOCUG00000032721,ENSOCUT00000063711_ENSOCUG00000030115,ENSOCUT00000033819_ENSOCUG00000029640,ENSOCUT00000058387_ENSOCUG00000034049
ENSMMUT00000097140_ENSMMUG00000064373,1.0,0.72,0.57,0.4,0.4,0.4,0.39
ENSMMUT00000095078_ENSMMUG00000059133,0.72,1.0,0.41,0.31,0.31,0.31,0.31
ENSTGET00000018698_ENSTGEG00000012624,0.57,0.41,1.0,0.53,0.53,0.53,0.52
ENSOCUT00000064402_ENSOCUG00000032721,0.4,0.31,0.53,1.0,1.0,1.0,0.97
ENSOCUT00000063711_ENSOCUG00000030115,0.4,0.31,0.53,1.0,1.0,1.0,0.97
ENSOCUT00000033819_ENSOCUG00000029640,0.4,0.31,0.53,1.0,1.0,1.0,0.97
ENSOCUT00000058387_ENSOCUG00000034049,0.39,0.31,0.52,0.97,0.97,0.97,1.0
