,ENSCCNT00000005543_ENSCCNG00000004466,ENSCCNT00000005559_ENSCCNG00000004466,ENSDORT00000032873_ENSDORG00000027938,ENSSTOT00000006764_ENSSTOG00000006769,ENSUPAT00010004051_ENSUPAG00010002877,ENSSDAT00000006542_ENSSDAG00000005327
ENSCCNT00000005543_ENSCCNG00000004466,1.0,0.89,0.8,0.81,0.74,0.81
ENSCCNT00000005559_ENSCCNG00000004466,0.89,1.0,0.91,0.92,0.85,0.92
ENSDORT00000032873_ENSDORG00000027938,0.8,0.91,1.0,0.89,0.83,0.89
ENSSTOT00000006764_ENSSTOG00000006769,0.81,0.92,0.89,1.0,0.93,0.99
ENSUPAT00010004051_ENSUPAG00010002877,0.74,0.85,0.83,0.93,1.0,0.92
ENSSDAT00000006542_ENSSDAG00000005327,0.81,0.92,0.89,0.99,0.92,1.0
