,ENSPKIT00000025832_ENSPKIG00000020009,ENSPKIT00000025856_ENSPKIG00000020009,ENSPKIT00000025883_ENSPKIG00000020009,ENSPKIT00000025907_ENSPKIG00000020009,ENSSFOT00015022767_ENSSFOG00015014460,ENSSFOT00015022786_ENSSFOG00015014460,ENSSFOT00015022820_ENSSFOG00015014460
ENSPKIT00000025832_ENSPKIG00000020009,1.0,0.9,0.76,0.86,0.65,0.82,0.71
ENSPKIT00000025856_ENSPKIG00000020009,0.9,1.0,0.86,0.88,0.62,0.8,0.69
ENSPKIT00000025883_ENSPKIG00000020009,0.76,0.86,1.0,0.75,0.5,0.68,0.56
ENSPKIT00000025907_ENSPKIG00000020009,0.86,0.88,0.75,1.0,0.6,0.78,0.67
ENSSFOT00015022767_ENSSFOG00015014460,0.65,0.62,0.5,0.6,1.0,0.8,0.67
ENSSFOT00015022786_ENSSFOG00015014460,0.82,0.8,0.68,0.78,0.8,1.0,0.86
ENSSFOT00015022820_ENSSFOG00015014460,0.71,0.69,0.56,0.67,0.67,0.86,1.0
