,ENSFHET00000025412_ENSFHEG00000018585,ENSCVAT00000002708_ENSCVAG00000009482,ENSACIT00000032245_ENSACIG00000024286,ENSGWIT00000001523_ENSGWIG00000000827,ENSCGOT00000050273_ENSCGOG00000021116,ENSCSET00000031942_ENSCSEG00000020194,ENSHHUT00000062805_ENSHHUG00000035990,ENSDCDT00000059303_ENSDCDG00000029704,ENSPNAT00000004850_ENSPNAG00000011837
ENSFHET00000025412_ENSFHEG00000018585,1.0,0.48,0.44,0.43,0.41,0.43,0.45,0.35,0.51
ENSCVAT00000002708_ENSCVAG00000009482,0.48,1.0,0.42,0.4,0.26,0.41,0.36,0.35,0.39
ENSACIT00000032245_ENSACIG00000024286,0.44,0.42,1.0,0.43,0.31,0.42,0.39,0.36,0.4
ENSGWIT00000001523_ENSGWIG00000000827,0.43,0.4,0.43,1.0,0.4,0.62,0.52,0.52,0.59
ENSCGOT00000050273_ENSCGOG00000021116,0.41,0.26,0.31,0.4,1.0,0.39,0.43,0.34,0.46
ENSCSET00000031942_ENSCSEG00000020194,0.43,0.41,0.42,0.62,0.39,1.0,0.52,0.52,0.59
ENSHHUT00000062805_ENSHHUG00000035990,0.45,0.36,0.39,0.52,0.43,0.52,1.0,0.47,0.59
ENSDCDT00000059303_ENSDCDG00000029704,0.35,0.35,0.36,0.52,0.34,0.52,0.47,1.0,0.54
ENSPNAT00000004850_ENSPNAG00000011837,0.51,0.39,0.4,0.59,0.46,0.59,0.59,0.54,1.0
