,ENSPKIT00000040580_ENSPKIG00000002505,ENSPKIT00000040632_ENSPKIG00000002505,ENSPKIT00000040701_ENSPKIG00000002505,ENSPKIT00000040763_ENSPKIG00000002505,ENSPKIT00000040851_ENSPKIG00000002505,ENSSFOT00015036716_ENSSFOG00015023101,ENSSFOT00015036733_ENSSFOG00015023101,ENSSFOT00015036750_ENSSFOG00015023101
ENSPKIT00000040580_ENSPKIG00000002505,1.0,0.92,0.86,0.77,0.6,0.77,0.73,0.56
ENSPKIT00000040632_ENSPKIG00000002505,0.92,1.0,0.82,0.73,0.57,0.73,0.69,0.52
ENSPKIT00000040701_ENSPKIG00000002505,0.86,0.82,1.0,0.86,0.67,0.7,0.66,0.54
ENSPKIT00000040763_ENSPKIG00000002505,0.77,0.73,0.86,1.0,0.69,0.72,0.68,0.52
ENSPKIT00000040851_ENSPKIG00000002505,0.6,0.57,0.67,0.69,1.0,0.55,0.51,0.5
ENSSFOT00015036716_ENSSFOG00015023101,0.77,0.73,0.7,0.72,0.55,1.0,0.93,0.64
ENSSFOT00015036733_ENSSFOG00015023101,0.73,0.69,0.66,0.68,0.51,0.93,1.0,0.6
ENSSFOT00015036750_ENSSFOG00015023101,0.56,0.52,0.54,0.52,0.5,0.64,0.6,1.0
