,ENSFHET00000002159_ENSFHEG00000009623,ENSCVAT00000011917_ENSCVAG00000003404,ENSXMAT00000040535_ENSXMAG00000027585,ENSXCOT00000007299_ENSXCOG00000005570,ENSGAFT00000004856_ENSGAFG00000003265,ENSPMET00000025577_ENSPMEG00000019616,ENSPLAT00000024779_ENSPLAG00000020005,ENSPRET00000009989_ENSPREG00000006721
ENSFHET00000002159_ENSFHEG00000009623,1.0,0.81,0.96,0.96,0.95,0.37,0.81,0.8
ENSCVAT00000011917_ENSCVAG00000003404,0.81,1.0,0.8,0.8,0.8,0.36,0.8,0.8
ENSXMAT00000040535_ENSXMAG00000027585,0.96,0.8,1.0,1.0,0.98,0.4,0.83,0.83
ENSXCOT00000007299_ENSXCOG00000005570,0.96,0.8,1.0,1.0,0.98,0.4,0.83,0.83
ENSGAFT00000004856_ENSGAFG00000003265,0.95,0.8,0.98,0.98,1.0,0.39,0.83,0.83
ENSPMET00000025577_ENSPMEG00000019616,0.37,0.36,0.4,0.4,0.39,1.0,0.51,0.51
ENSPLAT00000024779_ENSPLAG00000020005,0.81,0.8,0.83,0.83,0.83,0.51,1.0,0.99
ENSPRET00000009989_ENSPREG00000006721,0.8,0.8,0.83,0.83,0.83,0.51,0.99,1.0
