,ENSAMXT00000050828_ENSAMXG00000021016,ENSAMXT00000043616_ENSAMXG00000021016,ENSAMXT00000021641_ENSAMXG00000021016,ENSPNAT00000012974_ENSPNAG00000007847,ENSIPUT00000021932_ENSIPUG00000014247,ENSEEET00000027293_ENSEEEG00000013023,ENSEEET00000027296_ENSEEEG00000013023
ENSAMXT00000050828_ENSAMXG00000021016,1.0,0.84,0.78,0.74,0.67,0.64,0.36
ENSAMXT00000043616_ENSAMXG00000021016,0.84,1.0,0.85,0.89,0.81,0.76,0.42
ENSAMXT00000021641_ENSAMXG00000021016,0.78,0.85,1.0,0.76,0.68,0.65,0.39
ENSPNAT00000012974_ENSPNAG00000007847,0.74,0.89,0.76,1.0,0.83,0.79,0.41
ENSIPUT00000021932_ENSIPUG00000014247,0.67,0.81,0.68,0.83,1.0,0.74,0.4
ENSEEET00000027293_ENSEEEG00000013023,0.64,0.76,0.65,0.79,0.74,1.0,0.43
ENSEEET00000027296_ENSEEEG00000013023,0.36,0.42,0.39,0.41,0.4,0.43,1.0
