,ENSPPRT00000019287_ENSPPRG00000011797,ENSPPRT00000019290_ENSPPRG00000011797,ENSODET00000001226_ENSODEG00000000943,ENSMSIT00000028471_ENSMSIG00000019169,ENSRROT00000022719_ENSRROG00000020523,ENSRBIT00000052340_ENSRBIG00000038087
ENSPPRT00000019287_ENSPPRG00000011797,1.0,0.82,0.78,0.75,0.81,0.81
ENSPPRT00000019290_ENSPPRG00000011797,0.82,1.0,0.66,0.64,0.72,0.72
ENSODET00000001226_ENSODEG00000000943,0.78,0.66,1.0,0.72,0.8,0.8
ENSMSIT00000028471_ENSMSIG00000019169,0.75,0.64,0.72,1.0,0.77,0.77
ENSRROT00000022719_ENSRROG00000020523,0.81,0.72,0.8,0.77,1.0,1.0
ENSRBIT00000052340_ENSRBIG00000038087,0.81,0.72,0.8,0.77,1.0,1.0
