,ENSCHAT00000023637_ENSCHAG00000010884,ENSDCDT00000063651_ENSDCDG00000031436,ENSEEET00000000137_ENSEEEG00000000094,ENSIPUT00000005048_ENSIPUG00000003347,ENSPNAT00000013432_ENSPNAG00000000391,ENSPNAT00000013424_ENSPNAG00000000394
ENSCHAT00000023637_ENSCHAG00000010884,1.0,0.64,0.71,0.7,0.71,0.71
ENSDCDT00000063651_ENSDCDG00000031436,0.64,1.0,0.6,0.58,0.61,0.59
ENSEEET00000000137_ENSEEEG00000000094,0.71,0.6,1.0,0.79,0.81,0.81
ENSIPUT00000005048_ENSIPUG00000003347,0.7,0.58,0.79,1.0,0.8,0.78
ENSPNAT00000013432_ENSPNAG00000000391,0.71,0.61,0.81,0.8,1.0,0.91
ENSPNAT00000013424_ENSPNAG00000000394,0.71,0.59,0.81,0.78,0.91,1.0
