,ENSUPAT00010001414_ENSUPAG00010000976,ENSUPAT00010001991_ENSUPAG00010000976,ENSUPAT00010002008_ENSUPAG00010000976,ENSSDAT00000027493_ENSSDAG00000021524,ENSSDAT00000027541_ENSSDAG00000021524,ENSSDAT00000027559_ENSSDAG00000021524,ENSSDAT00000027582_ENSSDAG00000021524
ENSUPAT00010001414_ENSUPAG00010000976,1.0,0.26,0.3,0.18,0.28,0.31,0.3
ENSUPAT00010001991_ENSUPAG00010000976,0.26,1.0,0.96,0.78,0.96,0.91,0.92
ENSUPAT00010002008_ENSUPAG00010000976,0.3,0.96,1.0,0.76,0.91,0.96,0.88
ENSSDAT00000027493_ENSSDAG00000021524,0.18,0.78,0.76,1.0,0.82,0.79,0.79
ENSSDAT00000027541_ENSSDAG00000021524,0.28,0.96,0.91,0.82,1.0,0.96,0.97
ENSSDAT00000027559_ENSSDAG00000021524,0.31,0.91,0.96,0.79,0.96,1.0,0.92
ENSSDAT00000027582_ENSSDAG00000021524,0.3,0.92,0.88,0.79,0.97,0.92,1.0
