,ENSCHAT00000035597_ENSCHAG00000013934,ENSCHAT00000035619_ENSCHAG00000013934,ENSDCDT00000007764_ENSDCDG00000003533,ENSDCDT00000007771_ENSDCDG00000003533,ENSDCDT00000007777_ENSDCDG00000003533,ENSDCDT00000007778_ENSDCDG00000003533,ENSDCDT00000007786_ENSDCDG00000003533,ENSPMGT00000008781_ENSPMGG00000006663
ENSCHAT00000035597_ENSCHAG00000013934,1.0,0.86,0.78,0.82,0.74,0.77,0.72,0.81
ENSCHAT00000035619_ENSCHAG00000013934,0.86,1.0,0.68,0.72,0.73,0.76,0.62,0.71
ENSDCDT00000007764_ENSDCDG00000003533,0.78,0.68,1.0,0.84,0.76,0.77,0.73,0.74
ENSDCDT00000007771_ENSDCDG00000003533,0.82,0.72,0.84,1.0,0.83,0.83,0.79,0.79
ENSDCDT00000007777_ENSDCDG00000003533,0.74,0.73,0.76,0.83,1.0,0.83,0.68,0.71
ENSDCDT00000007778_ENSDCDG00000003533,0.77,0.76,0.77,0.83,0.83,1.0,0.7,0.72
ENSDCDT00000007786_ENSDCDG00000003533,0.72,0.62,0.73,0.79,0.68,0.7,1.0,0.67
ENSPMGT00000008781_ENSPMGG00000006663,0.81,0.71,0.74,0.79,0.71,0.72,0.67,1.0
