,ENSPMGT00000013120_ENSPMGG00000010150,ENSCHAT00000061136_ENSCHAG00000025617,ENSCHAT00000061152_ENSCHAG00000025617,ENSCHAT00000061157_ENSCHAG00000025617,ENSCHAT00000061182_ENSCHAG00000025617,ENSCHAT00000061193_ENSCHAG00000025617,ENSDCDT00000071592_ENSDCDG00000034338
ENSPMGT00000013120_ENSPMGG00000010150,1.0,0.27,0.29,0.31,0.3,0.32,0.67
ENSCHAT00000061136_ENSCHAG00000025617,0.27,1.0,0.88,0.86,0.77,0.82,0.23
ENSCHAT00000061152_ENSCHAG00000025617,0.29,0.88,1.0,0.89,0.88,0.85,0.27
ENSCHAT00000061157_ENSCHAG00000025617,0.31,0.86,0.89,1.0,0.78,0.84,0.29
ENSCHAT00000061182_ENSCHAG00000025617,0.3,0.77,0.88,0.78,1.0,0.86,0.28
ENSCHAT00000061193_ENSCHAG00000025617,0.32,0.82,0.85,0.84,0.86,1.0,0.3
ENSDCDT00000071592_ENSDCDG00000034338,0.67,0.23,0.27,0.29,0.28,0.3,1.0
