,ENSPTRT00000101545_ENSPTRG00000045263,ENSPPAT00000011792_ENSPPAG00000010876,ENSGGOT00000066036_ENSGGOG00000036903,ENSPANT00000037291_ENSPANG00000030827,ENSCATT00000045371_ENSCATG00000034327,ENSMLET00000050887_ENSMLEG00000037883,ENSMFAT00000003255_ENSMFAG00000041815,ENSCCAT00000024902_ENSCCAG00000021528
ENSPTRT00000101545_ENSPTRG00000045263,1.0,1.0,1.0,0.64,0.64,0.64,0.65,0.25
ENSPPAT00000011792_ENSPPAG00000010876,1.0,1.0,1.0,0.64,0.64,0.64,0.65,0.25
ENSGGOT00000066036_ENSGGOG00000036903,1.0,1.0,1.0,0.64,0.64,0.64,0.65,0.25
ENSPANT00000037291_ENSPANG00000030827,0.64,0.64,0.64,1.0,0.84,0.85,0.83,0.28
ENSCATT00000045371_ENSCATG00000034327,0.64,0.64,0.64,0.84,1.0,0.84,0.83,0.28
ENSMLET00000050887_ENSMLEG00000037883,0.64,0.64,0.64,0.85,0.84,1.0,0.83,0.28
ENSMFAT00000003255_ENSMFAG00000041815,0.65,0.65,0.65,0.83,0.83,0.83,1.0,0.29
ENSCCAT00000024902_ENSCCAG00000021528,0.25,0.25,0.25,0.28,0.28,0.28,0.29,1.0
