,ENSDNVT00000032078_ENSDNVG00000018455,ENSDNVT00000032080_ENSDNVG00000018455,ENSDNVT00000032081_ENSDNVG00000018455,ENSDNVT00000032082_ENSDNVG00000018455,ENSDNVT00000032084_ENSDNVG00000018455,ENSARWT00000010513_ENSARWG00000006442,ENSAOWT00000006435_ENSAOWG00000003889,ENSAOWT00000006430_ENSAOWG00000003886,ENSAHAT00000018705_ENSAHAG00000012052
ENSDNVT00000032078_ENSDNVG00000018455,1.0,1.0,0.84,0.93,0.84,0.49,0.49,0.43,0.86
ENSDNVT00000032080_ENSDNVG00000018455,1.0,1.0,0.84,0.93,0.84,0.49,0.49,0.43,0.86
ENSDNVT00000032081_ENSDNVG00000018455,0.84,0.84,1.0,0.9,0.91,0.44,0.44,0.33,0.74
ENSDNVT00000032082_ENSDNVG00000018455,0.93,0.93,0.9,1.0,0.89,0.47,0.47,0.39,0.8
ENSDNVT00000032084_ENSDNVG00000018455,0.84,0.84,0.91,0.89,1.0,0.43,0.43,0.32,0.73
ENSARWT00000010513_ENSARWG00000006442,0.49,0.49,0.44,0.47,0.43,1.0,1.0,0.04,0.53
ENSAOWT00000006435_ENSAOWG00000003889,0.49,0.49,0.44,0.47,0.43,1.0,1.0,0.04,0.53
ENSAOWT00000006430_ENSAOWG00000003886,0.43,0.43,0.33,0.39,0.32,0.04,0.04,1.0,0.36
ENSAHAT00000018705_ENSAHAG00000012052,0.86,0.86,0.74,0.8,0.73,0.53,0.53,0.36,1.0
