,ENSCSAVT00000000965_ENSCSAVG00000000534,ENSCINT00000036638_ENSCING00000025156,ENSCINT00000022980_ENSCING00000003664,FBtr0074012_FBgn0030634,FBtr0074014_FBgn0030634,FBtr0343351_FBgn0030634
ENSCSAVT00000000965_ENSCSAVG00000000534,1.0,0.6,0.23,0.23,0.23,0.23
ENSCINT00000036638_ENSCING00000025156,0.6,1.0,0.22,0.23,0.23,0.23
ENSCINT00000022980_ENSCING00000003664,0.23,0.22,1.0,0.21,0.21,0.21
FBtr0074012_FBgn0030634,0.23,0.23,0.21,1.0,0.92,0.92
FBtr0074014_FBgn0030634,0.23,0.23,0.21,0.92,1.0,0.92
FBtr0343351_FBgn0030634,0.23,0.23,0.21,0.92,0.92,1.0
