,ENSCCNT00000040192_ENSCCNG00000030393,ENSDORT00000004657_ENSDORG00000004654,ENSMSIT00000040829_ENSMSIG00000027129,ENSMUST00000026907_ENSMUSG00000109764,ENSRNOT00000019237_ENSRNOG00000014118,ENSMUGT00000006732_ENSMUGG00000005196
ENSCCNT00000040192_ENSCCNG00000030393,1.0,0.89,0.79,0.89,0.89,0.88
ENSDORT00000004657_ENSDORG00000004654,0.89,1.0,0.76,0.86,0.86,0.86
ENSMSIT00000040829_ENSMSIG00000027129,0.79,0.76,1.0,0.89,0.85,0.83
ENSMUST00000026907_ENSMUSG00000109764,0.89,0.86,0.89,1.0,0.95,0.93
ENSRNOT00000019237_ENSRNOG00000014118,0.89,0.86,0.85,0.95,1.0,0.93
ENSMUGT00000006732_ENSMUGG00000005196,0.88,0.86,0.83,0.93,0.93,1.0
