,ENSNVIT00000017476_ENSNVIG00000011744,ENSBMUT00000002779_ENSBMUG00000001911,ENSBMUT00000002781_ENSBMUG00000001911,ENSCATT00000044573_ENSCATG00000033973,ENSCATT00000044577_ENSCATG00000033973,ENSCATT00000044582_ENSCATG00000033973
ENSNVIT00000017476_ENSNVIG00000011744,1.0,0.48,0.25,0.42,0.83,0.48
ENSBMUT00000002779_ENSBMUG00000001911,0.48,1.0,0.6,0.18,0.46,0.24
ENSBMUT00000002781_ENSBMUG00000001911,0.25,0.6,1.0,0.19,0.24,0.63
ENSCATT00000044573_ENSCATG00000033973,0.42,0.18,0.19,1.0,0.44,0.42
ENSCATT00000044577_ENSCATG00000033973,0.83,0.46,0.24,0.44,1.0,0.51
ENSCATT00000044582_ENSCATG00000033973,0.48,0.24,0.63,0.42,0.51,1.0
