,ENSAHAT00000016326_ENSAHAG00000010607,ENSAHAT00000016340_ENSAHAG00000010607,ENSARWT00000023842_ENSARWG00000014369,ENSARWT00000023843_ENSARWG00000014369,ENSDNVT00000014177_ENSDNVG00000008295,ENSDNVT00000014196_ENSDNVG00000008295
ENSAHAT00000016326_ENSAHAG00000010607,1.0,0.98,1.0,0.98,0.93,0.95
ENSAHAT00000016340_ENSAHAG00000010607,0.98,1.0,0.98,0.99,0.94,0.96
ENSARWT00000023842_ENSARWG00000014369,1.0,0.98,1.0,0.98,0.93,0.95
ENSARWT00000023843_ENSARWG00000014369,0.98,0.99,0.98,1.0,0.94,0.96
ENSDNVT00000014177_ENSDNVG00000008295,0.93,0.94,0.93,0.94,1.0,0.98
ENSDNVT00000014196_ENSDNVG00000008295,0.95,0.96,0.95,0.96,0.98,1.0
