,ENSCLAT00000011890_ENSCLAG00000008107,ENSODET00000005341_ENSODEG00000003970,ENSCAPT00000018975_ENSCAPG00000015376,ENSCPOT00000048220_ENSCPOG00000010069,ENSCPOT00000037378_ENSCPOG00000010069,ENSCPOT00000010160_ENSCPOG00000010069
ENSCLAT00000011890_ENSCLAG00000008107,1.0,0.98,0.97,0.64,0.97,0.89
ENSODET00000005341_ENSODEG00000003970,0.98,1.0,0.97,0.64,0.97,0.89
ENSCAPT00000018975_ENSCAPG00000015376,0.97,0.97,1.0,0.67,1.0,0.91
ENSCPOT00000048220_ENSCPOG00000010069,0.64,0.64,0.67,1.0,0.67,0.74
ENSCPOT00000037378_ENSCPOG00000010069,0.97,0.97,1.0,0.67,1.0,0.92
ENSCPOT00000010160_ENSCPOG00000010069,0.89,0.89,0.91,0.74,0.92,1.0
