,ENSPFOT00000025407_ENSPFOG00000006108,ENSPFOT00000006007_ENSPFOG00000006108,ENSFHET00000000779_ENSFHEG00000010518,ENSGACT00000003017_ENSGACG00000002313,ENSGACT00000003020_ENSGACG00000002313,ENSGMOT00000016710_ENSGMOG00000015227,ENSELUT00000021380_ENSELUG00000013155
ENSPFOT00000025407_ENSPFOG00000006108,1.0,0.69,0.21,0.24,0.29,0.13,0.19
ENSPFOT00000006007_ENSPFOG00000006108,0.69,1.0,0.27,0.38,0.2,0.25,0.25
ENSFHET00000000779_ENSFHEG00000010518,0.21,0.27,1.0,0.45,0.51,0.4,0.55
ENSGACT00000003017_ENSGACG00000002313,0.24,0.38,0.45,1.0,0.42,0.48,0.45
ENSGACT00000003020_ENSGACG00000002313,0.29,0.2,0.51,0.42,1.0,0.36,0.44
ENSGMOT00000016710_ENSGMOG00000015227,0.13,0.25,0.4,0.48,0.36,1.0,0.4
ENSELUT00000021380_ENSELUG00000013155,0.19,0.25,0.55,0.45,0.44,0.4,1.0
