,ENSPCOT00000040848_ENSPCOG00000027656,ENSPSMT00000002529_ENSPSMG00000001641,ENSMICT00000012556_ENSMICG00000012542,ENSOGAT00000010681_ENSOGAG00000010677,ENSCCAT00000010895_ENSCCAG00000010146,ENSCCAT00000015370_ENSCCAG00000014355,ENSCCAT00000015408_ENSCCAG00000014355
ENSPCOT00000040848_ENSPCOG00000027656,1.0,0.58,0.58,0.42,0.78,0.41,0.75
ENSPSMT00000002529_ENSPSMG00000001641,0.58,1.0,0.96,0.76,0.44,0.78,0.42
ENSMICT00000012556_ENSMICG00000012542,0.58,0.96,1.0,0.74,0.45,0.76,0.43
ENSOGAT00000010681_ENSOGAG00000010677,0.42,0.76,0.74,1.0,0.35,0.64,0.32
ENSCCAT00000010895_ENSCCAG00000010146,0.78,0.44,0.45,0.35,1.0,0.51,0.92
ENSCCAT00000015370_ENSCCAG00000014355,0.41,0.78,0.76,0.64,0.51,1.0,0.48
ENSCCAT00000015408_ENSCCAG00000014355,0.75,0.42,0.43,0.32,0.92,0.48,1.0
