,ENSGAGT00000011349_ENSGAGG00000007777,ENSCABT00000016363_ENSCABG00000011157,ENSPCIT00000048914_ENSPCIG00000029130,ENSPCIT00000048915_ENSPCIG00000029130,ENSCCNT00000003889_ENSCCNG00000003190,ENSDORT00000023394_ENSDORG00000025964,ENSCGRT00000003879_ENSCGRG00000002802
ENSGAGT00000011349_ENSGAGG00000007777,1.0,0.69,0.83,0.58,0.63,0.8,0.81
ENSCABT00000016363_ENSCABG00000011157,0.69,1.0,0.52,0.39,0.61,0.5,0.5
ENSPCIT00000048914_ENSPCIG00000029130,0.83,0.52,1.0,0.75,0.7,0.86,0.87
ENSPCIT00000048915_ENSPCIG00000029130,0.58,0.39,0.75,1.0,0.54,0.65,0.63
ENSCCNT00000003889_ENSCCNG00000003190,0.63,0.61,0.7,0.54,1.0,0.78,0.77
ENSDORT00000023394_ENSDORG00000025964,0.8,0.5,0.86,0.65,0.78,1.0,0.93
ENSCGRT00000003879_ENSCGRG00000002802,0.81,0.5,0.87,0.63,0.77,0.93,1.0
