,ENSPCIT00000061213_ENSPCIG00000033169,ENSVURT00010032492_ENSVURG00010021819,ENSVURT00010032494_ENSVURG00010021819,ENSMEUT00000010487_ENSMEUG00000010460,ENSMODT00000018921_ENSMODG00000014859,ENSSHAT00000017311_ENSSHAG00000014592,ENSPVAT00000003892_ENSPVAG00000003892,ENSMLUT00000022391_ENSMLUG00000025515
ENSPCIT00000061213_ENSPCIG00000033169,1.0,0.84,0.33,0.83,0.83,0.82,0.64,0.64
ENSVURT00010032492_ENSVURG00010021819,0.84,1.0,0.33,0.82,0.83,0.82,0.64,0.64
ENSVURT00010032494_ENSVURG00010021819,0.33,0.33,1.0,0.32,0.33,0.32,0.22,0.22
ENSMEUT00000010487_ENSMEUG00000010460,0.83,0.82,0.32,1.0,0.82,0.81,0.63,0.63
ENSMODT00000018921_ENSMODG00000014859,0.83,0.83,0.33,0.82,1.0,0.81,0.63,0.63
ENSSHAT00000017311_ENSSHAG00000014592,0.82,0.82,0.32,0.81,0.81,1.0,0.63,0.63
ENSPVAT00000003892_ENSPVAG00000003892,0.64,0.64,0.22,0.63,0.63,0.63,1.0,0.83
ENSMLUT00000022391_ENSMLUG00000025515,0.64,0.64,0.22,0.63,0.63,0.63,0.83,1.0
