,ENSXETT00000022649_ENSXETG00000016354,ENSXETT00000022658_ENSXETG00000016354,ENSXETT00000022753_ENSXETG00000016354,ENSXETT00000022821_ENSXETG00000016354,ENSXETT00000036013_ENSXETG00000016354,ENSXETT00000036025_ENSXETG00000016354,ENSXETT00000036076_ENSXETG00000016354,ENSXETT00000022593_ENSXETG00000010736
ENSXETT00000022649_ENSXETG00000016354,1.0,0.92,0.18,0.13,0.15,0.15,0.31,0.33
ENSXETT00000022658_ENSXETG00000016354,0.92,1.0,0.19,0.14,0.16,0.15,0.28,0.3
ENSXETT00000022753_ENSXETG00000016354,0.18,0.19,1.0,0.64,0.74,0.82,0.42,0.46
ENSXETT00000022821_ENSXETG00000016354,0.13,0.14,0.64,1.0,0.7,0.77,0.5,0.54
ENSXETT00000036013_ENSXETG00000016354,0.15,0.16,0.74,0.7,1.0,0.87,0.46,0.49
ENSXETT00000036025_ENSXETG00000016354,0.15,0.15,0.82,0.77,0.87,1.0,0.51,0.55
ENSXETT00000036076_ENSXETG00000016354,0.31,0.28,0.42,0.5,0.46,0.51,1.0,0.47
ENSXETT00000022593_ENSXETG00000010736,0.33,0.3,0.46,0.54,0.49,0.55,0.47,1.0
