,ENSEBUT00000015170_ENSEBUG00000009202,ENSEBUT00000015195_ENSEBUG00000009202,ENSSPUT00000001785_ENSSPUG00000001312,ENSCMIT00000010289_ENSCMIG00000005284,ENSCMIT00000010293_ENSCMIG00000005284,ENSLCOT00000000924_ENSLCOG00000000635,ENSLCOT00000000965_ENSLCOG00000000635,ENSLCOT00000000999_ENSLCOG00000000635,ENSMVIT00005019161_ENSMVIG00005012071
ENSEBUT00000015170_ENSEBUG00000009202,1.0,0.75,0.07,0.06,0.04,0.59,0.68,0.68,0.5
ENSEBUT00000015195_ENSEBUG00000009202,0.75,1.0,0.08,0.07,0.04,0.56,0.64,0.64,0.46
ENSSPUT00000001785_ENSSPUG00000001312,0.07,0.08,1.0,0.4,0.75,0.09,0.11,0.11,0.14
ENSCMIT00000010289_ENSCMIG00000005284,0.06,0.07,0.4,1.0,0.3,0.08,0.09,0.09,0.12
ENSCMIT00000010293_ENSCMIG00000005284,0.04,0.04,0.75,0.3,1.0,0.06,0.07,0.07,0.09
ENSLCOT00000000924_ENSLCOG00000000635,0.59,0.56,0.09,0.08,0.06,1.0,0.69,0.69,0.53
ENSLCOT00000000965_ENSLCOG00000000635,0.68,0.64,0.11,0.09,0.07,0.69,1.0,0.86,0.57
ENSLCOT00000000999_ENSLCOG00000000635,0.68,0.64,0.11,0.09,0.07,0.69,0.86,1.0,0.57
ENSMVIT00005019161_ENSMVIG00005012071,0.5,0.46,0.14,0.12,0.09,0.53,0.57,0.57,1.0
