,ENSPVAT00000010516_ENSPVAG00000010516,ENSPVAT00000014809_ENSPVAG00000014811,ENSUAMT00000002784_ENSUAMG00000002241,ENSVPAT00000004412_ENSVPAG00000004413,ENSCHIT00000028383_ENSCHIG00000019156,ENSCHIT00000028395_ENSCHIG00000019156,ENSCHIT00000028400_ENSCHIG00000019156
ENSPVAT00000010516_ENSPVAG00000010516,1.0,0.48,0.37,0.28,0.31,0.31,0.32
ENSPVAT00000014809_ENSPVAG00000014811,0.48,1.0,0.36,0.39,0.27,0.27,0.28
ENSUAMT00000002784_ENSUAMG00000002241,0.37,0.36,1.0,0.32,0.34,0.34,0.35
ENSVPAT00000004412_ENSVPAG00000004413,0.28,0.39,0.32,1.0,0.33,0.33,0.34
ENSCHIT00000028383_ENSCHIG00000019156,0.31,0.27,0.34,0.33,1.0,0.85,0.85
ENSCHIT00000028395_ENSCHIG00000019156,0.31,0.27,0.34,0.33,0.85,1.0,0.85
ENSCHIT00000028400_ENSCHIG00000019156,0.32,0.28,0.35,0.34,0.85,0.85,1.0
