,FBtr0071628_FBgn0261067,F40F8.9.1_WBGene00003076,F40F8.9.2_WBGene00003076,ENSCHAT00000029198_ENSCHAG00000013056,ENSDCDT00000056488_ENSDCDG00000028545,ENSEEET00000040308_ENSEEEG00000018895,ENSIPUT00000003416_ENSIPUG00000002312,ENSAMXT00000005579_ENSAMXG00000005441
FBtr0071628_FBgn0261067,1.0,0.73,0.73,0.82,0.82,0.83,0.83,0.82
F40F8.9.1_WBGene00003076,0.73,1.0,1.0,0.73,0.73,0.73,0.73,0.73
F40F8.9.2_WBGene00003076,0.73,1.0,1.0,0.73,0.73,0.73,0.73,0.73
ENSCHAT00000029198_ENSCHAG00000013056,0.82,0.73,0.73,1.0,0.92,0.91,0.91,0.92
ENSDCDT00000056488_ENSDCDG00000028545,0.82,0.73,0.73,0.92,1.0,0.91,0.91,0.92
ENSEEET00000040308_ENSEEEG00000018895,0.83,0.73,0.73,0.91,0.91,1.0,0.93,0.93
ENSIPUT00000003416_ENSIPUG00000002312,0.83,0.73,0.73,0.91,0.91,0.93,1.0,0.93
ENSAMXT00000005579_ENSAMXG00000005441,0.82,0.73,0.73,0.92,0.92,0.93,0.93,1.0
