,ENSCMIT00000043047_ENSCMIG00000017643,ENSCMIT00000043063_ENSCMIG00000017648,ENSARWT00000001128_ENSARWG00000000792,ENSAHAT00000017561_ENSAHAG00000011296,ENSAHAT00000017564_ENSAHAG00000011296,ENSDNVT00000026324_ENSDNVG00000015221,ENSDNVT00000026334_ENSDNVG00000015221,ENSDNVT00000026347_ENSDNVG00000015221
ENSCMIT00000043047_ENSCMIG00000017643,1.0,0.02,1e-18,0.19,0.21,0.17,0.17,0.1
ENSCMIT00000043063_ENSCMIG00000017648,0.02,1.0,0.45,0.35,0.2,0.33,0.32,0.37
ENSARWT00000001128_ENSARWG00000000792,1e-18,0.45,1.0,0.57,0.33,0.5,0.46,0.48
ENSAHAT00000017561_ENSAHAG00000011296,0.19,0.35,0.57,1.0,0.57,0.74,0.7,0.63
ENSAHAT00000017564_ENSAHAG00000011296,0.21,0.2,0.33,0.57,1.0,0.48,0.44,0.41
ENSDNVT00000026324_ENSDNVG00000015221,0.17,0.33,0.5,0.74,0.48,1.0,0.96,0.87
ENSDNVT00000026334_ENSDNVG00000015221,0.17,0.32,0.46,0.7,0.44,0.96,1.0,0.83
ENSDNVT00000026347_ENSDNVG00000015221,0.1,0.37,0.48,0.63,0.41,0.87,0.83,1.0
