,ENSPPAT00000039914_ENSPPAG00000031690,ENSPPAT00000039920_ENSPPAG00000031690,ENSPPAT00000039921_ENSPPAG00000031690,ENSPTRT00000083046_ENSPTRG00000006675,ENSPTRT00000012290_ENSPTRG00000006675,ENST00000614204_ENSG00000165949,ENST00000618863_ENSG00000165949
ENSPPAT00000039914_ENSPPAG00000031690,1.0,0.49,0.64,0.64,0.49,0.11,1.0
ENSPPAT00000039920_ENSPPAG00000031690,0.49,1.0,0.8,0.8,1.0,0.56,0.49
ENSPPAT00000039921_ENSPPAG00000031690,0.64,0.8,1.0,1.0,0.8,0.42,0.63
ENSPTRT00000083046_ENSPTRG00000006675,0.64,0.8,1.0,1.0,0.8,0.42,0.63
ENSPTRT00000012290_ENSPTRG00000006675,0.49,1.0,0.8,0.8,1.0,0.56,0.48
ENST00000614204_ENSG00000165949,0.11,0.56,0.42,0.42,0.56,1.0,0.11
ENST00000618863_ENSG00000165949,1.0,0.49,0.63,0.63,0.48,0.11,1.0
