,ENSVURT00010020171_ENSVURG00010013571,ENSPCIT00000008995_ENSPCIG00000006027,ENSPCIT00000066830_ENSPCIG00000006027,ENSSHAT00000004382_ENSSHAG00000003819,ENSMODT00000018856_ENSMODG00000014810,ENSEEUT00000010154_ENSEEUG00000010155,ENSSART00000000415_ENSSARG00000000412
ENSVURT00010020171_ENSVURG00010013571,1.0,0.83,0.45,0.83,0.88,0.28,0.4
ENSPCIT00000008995_ENSPCIG00000006027,0.83,1.0,0.57,0.73,0.76,0.23,0.34
ENSPCIT00000066830_ENSPCIG00000006027,0.45,0.57,1.0,0.42,0.43,0.16,0.17
ENSSHAT00000004382_ENSSHAG00000003819,0.83,0.73,0.42,1.0,0.77,0.25,0.35
ENSMODT00000018856_ENSMODG00000014810,0.88,0.76,0.43,0.77,1.0,0.28,0.4
ENSEEUT00000010154_ENSEEUG00000010155,0.28,0.23,0.16,0.25,0.28,1.0,0.48
ENSSART00000000415_ENSSARG00000000412,0.4,0.34,0.17,0.35,0.4,0.48,1.0
