,ENSMNET00000034999_ENSMNEG00000029807,ENSMFAT00000050519_ENSMFAG00000016947,ENSPANT00000033971_ENSPANG00000029323,ENSMLET00000060788_ENSMLEG00000042700,ENSCATT00000040099_ENSCATG00000031927,ENSRBIT00000066724_ENSRBIG00000044582,ENSGGOT00000059984_ENSGGOG00000041505,ENSNLET00000037165_ENSNLEG00000027997,ENSANAT00000047281_ENSANAG00000032417
ENSMNET00000034999_ENSMNEG00000029807,1.0,0.9,0.9,0.9,0.9,0.21,0.78,0.77,0.77
ENSMFAT00000050519_ENSMFAG00000016947,0.9,1.0,0.9,0.9,0.9,0.21,0.78,0.77,0.77
ENSPANT00000033971_ENSPANG00000029323,0.9,0.9,1.0,0.9,0.9,0.21,0.78,0.77,0.77
ENSMLET00000060788_ENSMLEG00000042700,0.9,0.9,0.9,1.0,0.9,0.21,0.78,0.77,0.77
ENSCATT00000040099_ENSCATG00000031927,0.9,0.9,0.9,0.9,1.0,0.21,0.78,0.77,0.77
ENSRBIT00000066724_ENSRBIG00000044582,0.21,0.21,0.21,0.21,0.21,1.0,0.23,0.23,0.22
ENSGGOT00000059984_ENSGGOG00000041505,0.78,0.78,0.78,0.78,0.78,0.23,1.0,0.79,0.79
ENSNLET00000037165_ENSNLEG00000027997,0.77,0.77,0.77,0.77,0.77,0.23,0.79,1.0,0.78
ENSANAT00000047281_ENSANAG00000032417,0.77,0.77,0.77,0.77,0.77,0.22,0.79,0.78,1.0
