,ENSCGOT00000013006_ENSCGOG00000005951,ENSCGOT00000013011_ENSCGOG00000005951,ENSCGOT00000013013_ENSCGOG00000005951,ENSHCOT00000022172_ENSHCOG00000017938,ENSMMOT00000024792_ENSMMOG00000018539,ENSMMOT00000024794_ENSMMOG00000018539,ENSMMOT00000024797_ENSMMOG00000018539
ENSCGOT00000013006_ENSCGOG00000005951,1.0,0.72,0.71,0.6,0.59,0.57,0.54
ENSCGOT00000013011_ENSCGOG00000005951,0.72,1.0,0.7,0.63,0.58,0.62,0.53
ENSCGOT00000013013_ENSCGOG00000005951,0.71,0.7,1.0,0.59,0.6,0.64,0.55
ENSHCOT00000022172_ENSHCOG00000017938,0.6,0.63,0.59,1.0,0.55,0.53,0.5
ENSMMOT00000024792_ENSMMOG00000018539,0.59,0.58,0.6,0.55,1.0,0.73,0.8
ENSMMOT00000024794_ENSMMOG00000018539,0.57,0.62,0.64,0.53,0.73,1.0,0.66
ENSMMOT00000024797_ENSMMOG00000018539,0.54,0.53,0.55,0.5,0.8,0.66,1.0
