,ENSECAT00000070134_ENSECAG00000034051,ENSECAT00000076295_ENSECAG00000034051,ENSECAT00000067544_ENSECAG00000034051,ENSECAT00000069703_ENSECAG00000034051,ENSECAT00000018772_ENSECAG00000034051,ENSECAT00000040160_ENSECAG00000034051,ENSECAT00000074347_ENSECAG00000034051
ENSECAT00000070134_ENSECAG00000034051,1.0,0.99,0.75,0.86,0.18,0.83,0.79
ENSECAT00000076295_ENSECAG00000034051,0.99,1.0,0.74,0.85,0.17,0.82,0.77
ENSECAT00000067544_ENSECAG00000034051,0.75,0.74,1.0,0.89,0.43,0.59,0.54
ENSECAT00000069703_ENSECAG00000034051,0.86,0.85,0.89,1.0,0.32,0.69,0.65
ENSECAT00000018772_ENSECAG00000034051,0.18,0.17,0.43,0.32,1.0,0.010000000000000002,0.06
ENSECAT00000040160_ENSECAG00000034051,0.83,0.82,0.59,0.69,0.010000000000000002,1.0,0.96
ENSECAT00000074347_ENSECAG00000034051,0.79,0.77,0.54,0.65,0.06,0.96,1.0
