,C52E2.1.1_WBGene00016880,C16C4.6.1_WBGene00015830,C52E2.7.1_WBGene00016886,C52E2.6.1_WBGene00016885,Y63D3A.9a.1_WBGene00013408,Y63D3A.9b.1_WBGene00013408
C52E2.1.1_WBGene00016880,1.0,0.37,0.57,0.46,0.48,0.71
C16C4.6.1_WBGene00015830,0.37,1.0,0.41,0.47,0.27,0.38
C52E2.7.1_WBGene00016886,0.57,0.41,1.0,0.67,0.47,0.65
C52E2.6.1_WBGene00016885,0.46,0.47,0.67,1.0,0.38,0.52
Y63D3A.9a.1_WBGene00013408,0.48,0.27,0.47,0.38,1.0,0.72
Y63D3A.9b.1_WBGene00013408,0.71,0.38,0.65,0.52,0.72,1.0
