,ENSCHAT00000007308_ENSCHAG00000003641,ENSCHAT00000007411_ENSCHAG00000003641,ENSCHAT00000007469_ENSCHAG00000003641,ENSDCDT00000054514_ENSDCDG00000027681,ENSDCDT00000054549_ENSDCDG00000027681,ENSDCDT00000054649_ENSDCDG00000027681,ENSAMXT00000008261_ENSAMXG00000008031,ENSAMXT00000008258_ENSAMXG00000008031
ENSCHAT00000007308_ENSCHAG00000003641,1.0,0.83,0.81,0.65,0.75,0.71,0.83,0.67
ENSCHAT00000007411_ENSCHAG00000003641,0.83,1.0,0.66,0.79,0.61,0.57,0.67,0.83
ENSCHAT00000007469_ENSCHAG00000003641,0.81,0.66,1.0,0.52,0.62,0.75,0.69,0.54
ENSDCDT00000054514_ENSDCDG00000027681,0.65,0.79,0.52,1.0,0.7,0.63,0.61,0.76
ENSDCDT00000054549_ENSDCDG00000027681,0.75,0.61,0.62,0.7,1.0,0.79,0.73,0.59
ENSDCDT00000054649_ENSDCDG00000027681,0.71,0.57,0.75,0.63,0.79,1.0,0.71,0.56
ENSAMXT00000008261_ENSAMXG00000008031,0.83,0.67,0.69,0.61,0.73,0.71,1.0,0.81
ENSAMXT00000008258_ENSAMXG00000008031,0.67,0.83,0.54,0.76,0.59,0.56,0.81,1.0
