,T28C6.6.1_WBGene00000594,T28C6.4.1_WBGene00000691,C29F4.1.1_WBGene00000699,Y41D4A.2.1_WBGene00000682,W01B6.7.1_WBGene00000593,F02D10.1.1_WBGene00000756,F58F6.2.1_WBGene00000679,T05A1.2.1_WBGene00000696,Y57A10A.11.1_WBGene00004394
T28C6.6.1_WBGene00000594,1.0,0.8,0.8,0.78,0.34,0.35,0.56,0.57,0.1
T28C6.4.1_WBGene00000691,0.8,1.0,0.8,0.78,0.34,0.35,0.56,0.57,0.1
C29F4.1.1_WBGene00000699,0.8,0.8,1.0,0.78,0.34,0.35,0.56,0.57,0.1
Y41D4A.2.1_WBGene00000682,0.78,0.78,0.78,1.0,0.34,0.35,0.56,0.56,0.1
W01B6.7.1_WBGene00000593,0.34,0.34,0.34,0.34,1.0,0.39,0.23,0.3,0.12
F02D10.1.1_WBGene00000756,0.35,0.35,0.35,0.35,0.39,1.0,0.34,0.3,0.09
F58F6.2.1_WBGene00000679,0.56,0.56,0.56,0.56,0.23,0.34,1.0,0.42,0.1
T05A1.2.1_WBGene00000696,0.57,0.57,0.57,0.56,0.3,0.3,0.42,1.0,0.17
Y57A10A.11.1_WBGene00004394,0.1,0.1,0.1,0.1,0.12,0.09,0.1,0.17,1.0
