,ENSPTRT00000072763_ENSPTRG00000040977,ENST00000445946_ENSG00000227268,ENSGGOT00000031382_ENSGGOG00000025668,ENSRBIT00000064107_ENSRBIG00000043475,ENSPTET00000054863_ENSPTEG00000037682,ENSTGET00000009830_ENSTGEG00000006684,ENSMLET00000035981_ENSMLEG00000030459,ENSCATT00000066468_ENSCATG00000043653,ENSMMUT00000080832_ENSMMUG00000055507
ENSPTRT00000072763_ENSPTRG00000040977,1.0,1.0,0.99,0.75,0.95,0.85,0.8,0.8,0.82
ENST00000445946_ENSG00000227268,1.0,1.0,0.99,0.75,0.95,0.85,0.8,0.8,0.82
ENSGGOT00000031382_ENSGGOG00000025668,0.99,0.99,1.0,0.75,0.95,0.84,0.8,0.8,0.82
ENSRBIT00000064107_ENSRBIG00000043475,0.75,0.75,0.75,1.0,0.77,0.72,0.94,0.94,0.84
ENSPTET00000054863_ENSPTEG00000037682,0.95,0.95,0.95,0.77,1.0,0.86,0.81,0.81,0.83
ENSTGET00000009830_ENSTGEG00000006684,0.85,0.85,0.84,0.72,0.86,1.0,0.77,0.77,0.8
ENSMLET00000035981_ENSMLEG00000030459,0.8,0.8,0.8,0.94,0.81,0.77,1.0,1.0,0.9
ENSCATT00000066468_ENSCATG00000043653,0.8,0.8,0.8,0.94,0.81,0.77,1.0,1.0,0.9
ENSMMUT00000080832_ENSMMUG00000055507,0.82,0.82,0.82,0.84,0.83,0.8,0.9,0.9,1.0
