,ENSPMAT00000002237_ENSPMAG00000002019,ENSEBUT00000012188_ENSEBUG00000007444,ENSEBUT00000012214_ENSEBUG00000007444,ENSSFOT00015007624_ENSSFOG00015004914,ENSPKIT00000033111_ENSPKIG00000024284,ENSSFOT00015002567_ENSSFOG00015001652,ENSPKIT00000032889_ENSPKIG00000024142,ENSAMXT00000006245_ENSAMXG00000006092
ENSPMAT00000002237_ENSPMAG00000002019,1.0,0.47,0.61,0.61,0.61,0.53,0.61,0.53
ENSEBUT00000012188_ENSEBUG00000007444,0.47,1.0,0.77,0.73,0.73,0.73,0.73,0.73
ENSEBUT00000012214_ENSEBUG00000007444,0.61,0.77,1.0,0.93,0.93,0.8,0.93,0.8
ENSSFOT00015007624_ENSSFOG00015004914,0.61,0.73,0.93,1.0,0.96,0.83,0.93,0.83
ENSPKIT00000033111_ENSPKIG00000024284,0.61,0.73,0.93,0.96,1.0,0.83,0.93,0.83
ENSSFOT00015002567_ENSSFOG00015001652,0.53,0.73,0.8,0.83,0.83,1.0,0.8,0.83
ENSPKIT00000032889_ENSPKIG00000024142,0.61,0.73,0.93,0.93,0.93,0.8,1.0,0.8
ENSAMXT00000006245_ENSAMXG00000006092,0.53,0.73,0.8,0.83,0.83,0.83,0.8,1.0
