,C25A1.8.1_WBGene00007709,K10B2.3a.1_WBGene00019606,K10B2.3a.2_WBGene00019606,K10B2.3b.1_WBGene00019606,K10B2.3b.2_WBGene00019606,ZK858.3.1_WBGene00014117,C25B8.4a.1_WBGene00016088,C25B8.4b.1_WBGene00016088,C25B8.4c.1_WBGene00016088
C25A1.8.1_WBGene00007709,1.0,0.68,0.68,0.66,0.66,0.66,0.17,0.23,0.11
K10B2.3a.1_WBGene00019606,0.68,1.0,0.8,0.77,0.77,0.66,0.18,0.23,0.12
K10B2.3a.2_WBGene00019606,0.68,0.8,1.0,0.77,0.77,0.66,0.18,0.23,0.12
K10B2.3b.1_WBGene00019606,0.66,0.77,0.77,1.0,0.8,0.63,0.15,0.2,0.1
K10B2.3b.2_WBGene00019606,0.66,0.77,0.77,0.8,1.0,0.63,0.15,0.2,0.1
ZK858.3.1_WBGene00014117,0.66,0.66,0.66,0.63,0.63,1.0,0.18,0.22,0.12
C25B8.4a.1_WBGene00016088,0.17,0.18,0.18,0.15,0.15,0.18,1.0,0.77,0.84
C25B8.4b.1_WBGene00016088,0.23,0.23,0.23,0.2,0.2,0.22,0.77,1.0,0.61
C25B8.4c.1_WBGene00016088,0.11,0.12,0.12,0.1,0.1,0.12,0.84,0.61,1.0
