,ENSPNAT00000023001_ENSPNAG00000020933,ENSAMXT00000051038_ENSAMXG00000034493,ENSPNAT00000038611_ENSPNAG00000005298,ENSPNAT00000028009_ENSPNAG00000025131,ENSEEET00000001182_ENSEEEG00000000779,ENSEEET00000019870_ENSEEEG00000009624,ENSDART00000112388_ENSDARG00000076983,ENSDART00000135176_ENSDARG00000076983
ENSPNAT00000023001_ENSPNAG00000020933,1.0,0.45,0.49,0.46,0.37,0.32,0.39,0.39
ENSAMXT00000051038_ENSAMXG00000034493,0.45,1.0,0.48,0.38,0.45,0.32,0.49,0.49
ENSPNAT00000038611_ENSPNAG00000005298,0.49,0.48,1.0,0.76,0.51,0.42,0.47,0.47
ENSPNAT00000028009_ENSPNAG00000025131,0.46,0.38,0.76,1.0,0.44,0.49,0.49,0.49
ENSEEET00000001182_ENSEEEG00000000779,0.37,0.45,0.51,0.44,1.0,0.62,0.47,0.47
ENSEEET00000019870_ENSEEEG00000009624,0.32,0.32,0.42,0.49,0.62,1.0,0.41,0.41
ENSDART00000112388_ENSDARG00000076983,0.39,0.49,0.47,0.49,0.47,0.41,1.0,0.9
ENSDART00000135176_ENSDARG00000076983,0.39,0.49,0.47,0.49,0.47,0.41,0.9,1.0
