,ENSCABT00000031839_ENSCABG00000021324,ENSGAGT00000039520_ENSGAGG00000024810,ENSSPUT00000026773_ENSSPUG00000019219,ENSDNVT00000004806_ENSDNVG00000002829,ENSAOWT00000032206_ENSAOWG00000019144,ENSNPET00000004240_ENSNPEG00000003047,ENSABRT00000036037_ENSABRG00000021581
ENSCABT00000031839_ENSCABG00000021324,1.0,0.8,0.7,0.72,0.72,0.55,0.55
ENSGAGT00000039520_ENSGAGG00000024810,0.8,1.0,0.63,0.62,0.62,0.47,0.48
ENSSPUT00000026773_ENSSPUG00000019219,0.7,0.63,1.0,0.68,0.68,0.54,0.57
ENSDNVT00000004806_ENSDNVG00000002829,0.72,0.62,0.68,1.0,0.93,0.7,0.7
ENSAOWT00000032206_ENSAOWG00000019144,0.72,0.62,0.68,0.93,1.0,0.7,0.71
ENSNPET00000004240_ENSNPEG00000003047,0.55,0.47,0.54,0.7,0.7,1.0,0.57
ENSABRT00000036037_ENSABRG00000021581,0.55,0.48,0.57,0.7,0.71,0.57,1.0
