,ENSPTRT00000030042_ENSPTRG00000016125,ENSPPAT00000050608_ENSPPAG00000036959,ENST00000317987_ENSG00000181617,ENSGGOT00000053596_ENSGGOG00000036894,ENSPPYT00000017202_ENSPPYG00000014799,ENSNLET00000009771_ENSNLEG00000007669,ENSRBIT00000045204_ENSRBIG00000034643,ENSRROT00000044611_ENSRROG00000034161
ENSPTRT00000030042_ENSPTRG00000016125,1.0,1.0,1.0,0.99,0.98,0.97,0.97,0.96
ENSPPAT00000050608_ENSPPAG00000036959,1.0,1.0,1.0,0.99,0.98,0.97,0.97,0.96
ENST00000317987_ENSG00000181617,1.0,1.0,1.0,0.99,0.98,0.97,0.97,0.96
ENSGGOT00000053596_ENSGGOG00000036894,0.99,0.99,0.99,1.0,0.98,0.97,0.97,0.96
ENSPPYT00000017202_ENSPPYG00000014799,0.98,0.98,0.98,0.98,1.0,0.97,0.96,0.95
ENSNLET00000009771_ENSNLEG00000007669,0.97,0.97,0.97,0.97,0.97,1.0,0.95,0.95
ENSRBIT00000045204_ENSRBIG00000034643,0.97,0.97,0.97,0.97,0.96,0.95,1.0,1.0
ENSRROT00000044611_ENSRROG00000034161,0.96,0.96,0.96,0.96,0.95,0.95,1.0,1.0
