,ENSPCAT00000002483_ENSPCAG00000002483,ENSLAFT00000005362_ENSLAFG00000005360,ENSETET00000004942_ENSETEG00000004941,ENSCHOT00000000574_ENSCHOG00000000569,ENSDNOT00000032951_ENSDNOG00000032968,ENSGGOT00000023629_ENSGGOG00000005506,ENSGGOT00000005535_ENSGGOG00000005506,ENST00000510730_ENSG00000113194,ENST00000261942_ENSG00000113194
ENSPCAT00000002483_ENSPCAG00000002483,1.0,0.54,0.54,0.54,0.54,0.54,0.36,0.24,0.54
ENSLAFT00000005362_ENSLAFG00000005360,0.54,1.0,0.95,0.95,0.96,0.95,0.76,0.25,0.95
ENSETET00000004942_ENSETEG00000004941,0.54,0.95,1.0,0.94,0.95,0.95,0.75,0.24,0.95
ENSCHOT00000000574_ENSCHOG00000000569,0.54,0.95,0.94,1.0,0.96,0.96,0.77,0.24,0.95
ENSDNOT00000032951_ENSDNOG00000032968,0.54,0.96,0.95,0.96,1.0,0.96,0.76,0.24,0.96
ENSGGOT00000023629_ENSGGOG00000005506,0.54,0.95,0.95,0.96,0.96,1.0,0.8,0.25,1.0
ENSGGOT00000005535_ENSGGOG00000005506,0.36,0.76,0.75,0.77,0.76,0.8,1.0,0.24,0.79
ENST00000510730_ENSG00000113194,0.24,0.25,0.24,0.24,0.24,0.25,0.24,1.0,0.25
ENST00000261942_ENSG00000113194,0.54,0.95,0.95,0.95,0.96,1.0,0.79,0.25,1.0
