,ENSCMIT00000000801_ENSCMIG00000000520,ENSCHAT00000036469_ENSCHAG00000015878,ENSCHAT00000036512_ENSCHAG00000015878,ENSDCDT00000070634_ENSDCDG00000033970,ENSEEET00000022029_ENSEEEG00000010529,ENSEEET00000022223_ENSEEEG00000010529,ENSIPUT00000023365_ENSIPUG00000015178,ENSAMXT00000044938_ENSAMXG00000030419
ENSCMIT00000000801_ENSCMIG00000000520,1.0,0.29,0.34,0.51,0.52,0.39,0.39,0.51
ENSCHAT00000036469_ENSCHAG00000015878,0.29,1.0,0.64,0.39,0.39,0.3,0.36,0.38
ENSCHAT00000036512_ENSCHAG00000015878,0.34,0.64,1.0,0.5,0.5,0.35,0.45,0.49
ENSDCDT00000070634_ENSDCDG00000033970,0.51,0.39,0.5,1.0,0.75,0.53,0.53,0.76
ENSEEET00000022029_ENSEEEG00000010529,0.52,0.39,0.5,0.75,1.0,0.61,0.56,0.77
ENSEEET00000022223_ENSEEEG00000010529,0.39,0.3,0.35,0.53,0.61,1.0,0.4,0.55
ENSIPUT00000023365_ENSIPUG00000015178,0.39,0.36,0.45,0.53,0.56,0.4,1.0,0.55
ENSAMXT00000044938_ENSAMXG00000030419,0.51,0.38,0.49,0.76,0.77,0.55,0.55,1.0
