,ENSDCDT00000064136_ENSDCDG00000031589,ENSDCDT00000064141_ENSDCDG00000031589,ENSCHAT00000014775_ENSCHAG00000007268,ENSAMXT00000012100_ENSAMXG00000011773,ENSAMXT00000035643_ENSAMXG00000011773,ENSAMXT00000034313_ENSAMXG00000011773,ENSAMXT00000043854_ENSAMXG00000011773,ENSAMXT00000051984_ENSAMXG00000011773
ENSDCDT00000064136_ENSDCDG00000031589,1.0,0.64,0.64,0.79,0.81,0.73,0.89,0.73
ENSDCDT00000064141_ENSDCDG00000031589,0.64,1.0,0.57,0.64,0.58,0.64,0.64,0.51
ENSCHAT00000014775_ENSCHAG00000007268,0.64,0.57,1.0,0.59,0.62,0.55,0.68,0.55
ENSAMXT00000012100_ENSAMXG00000011773,0.79,0.64,0.59,1.0,0.8,0.72,0.87,0.72
ENSAMXT00000035643_ENSAMXG00000011773,0.81,0.58,0.62,0.8,1.0,0.9,0.9,0.9
ENSAMXT00000034313_ENSAMXG00000011773,0.73,0.64,0.55,0.72,0.9,1.0,0.82,0.82
ENSAMXT00000043854_ENSAMXG00000011773,0.89,0.64,0.68,0.87,0.9,0.82,1.0,0.81
ENSAMXT00000051984_ENSAMXG00000011773,0.73,0.51,0.55,0.72,0.9,0.82,0.81,1.0
