,ENSACAT00000012152_ENSACAG00000011619,ENSPVIT00000002058_ENSPVIG00000001426,ENSPVIT00000002067_ENSPVIG00000001426,ENSPVIT00000002074_ENSPVIG00000001426,ENSPVIT00000002081_ENSPVIG00000001426,ENSPVIT00000002087_ENSPVIG00000001426
ENSACAT00000012152_ENSACAG00000011619,1.0,0.77,0.74,0.78,0.73,0.74
ENSPVIT00000002058_ENSPVIG00000001426,0.77,1.0,0.96,0.97,0.88,0.91
ENSPVIT00000002067_ENSPVIG00000001426,0.74,0.96,1.0,0.94,0.91,0.87
ENSPVIT00000002074_ENSPVIG00000001426,0.78,0.97,0.94,1.0,0.9,0.93
ENSPVIT00000002081_ENSPVIG00000001426,0.73,0.88,0.91,0.9,1.0,0.84
ENSPVIT00000002087_ENSPVIG00000001426,0.74,0.91,0.87,0.93,0.84,1.0
