,ENSEBUT00000024595_ENSEBUG00000014801,ENSEBUT00000007113_ENSEBUG00000004365,ENSPVIT00000038702_ENSPVIG00000023213,ENSACAT00000027096_ENSACAG00000014803,ENSNSUT00000006511_ENSNSUG00000004843,ENSSMRT00000018482_ENSSMRG00000012310,ENSSMRT00000018483_ENSSMRG00000012310,ENSSPUT00000003985_ENSSPUG00000002797,ENSABRT00000032174_ENSABRG00000019381
ENSEBUT00000024595_ENSEBUG00000014801,1.0,1e-18,0.05,0.04,0.06,0.05,0.05,0.05,0.05
ENSEBUT00000007113_ENSEBUG00000004365,1e-18,1.0,0.45,0.12,0.42,0.45,0.45,0.42,0.45
ENSPVIT00000038702_ENSPVIG00000023213,0.05,0.45,1.0,0.23,0.79,0.84,0.84,0.79,0.84
ENSACAT00000027096_ENSACAG00000014803,0.04,0.12,0.23,1.0,0.23,0.23,0.23,0.22,0.23
ENSNSUT00000006511_ENSNSUG00000004843,0.06,0.42,0.79,0.23,1.0,0.79,0.79,0.74,0.79
ENSSMRT00000018482_ENSSMRG00000012310,0.05,0.45,0.84,0.23,0.79,1.0,0.84,0.79,0.84
ENSSMRT00000018483_ENSSMRG00000012310,0.05,0.45,0.84,0.23,0.79,0.84,1.0,0.79,0.84
ENSSPUT00000003985_ENSSPUG00000002797,0.05,0.42,0.79,0.22,0.74,0.79,0.79,1.0,0.79
ENSABRT00000032174_ENSABRG00000019381,0.05,0.45,0.84,0.23,0.79,0.84,0.84,0.79,1.0
