,ENSPPAT00000006880_ENSPPAG00000006393,ENSPTRT00000079958_ENSPTRG00000048301,ENSGGOT00000031538_ENSGGOG00000022738,ENSNLET00000044876_ENSNLEG00000028192,ENSPTET00000038039_ENSPTEG00000027014,ENSCSAT00000018281_ENSCSAG00000000254,ENSPSMT00000000275_ENSPSMG00000000224,ENSOCUT00000034788_ENSOCUG00000036541,ENSPPRT00000030688_ENSPPRG00000020912
ENSPPAT00000006880_ENSPPAG00000006393,1.0,1.0,1.0,0.99,0.98,0.98,0.93,0.68,0.7
ENSPTRT00000079958_ENSPTRG00000048301,1.0,1.0,1.0,0.99,0.98,0.98,0.92,0.68,0.7
ENSGGOT00000031538_ENSGGOG00000022738,1.0,1.0,1.0,0.99,0.98,0.98,0.93,0.68,0.7
ENSNLET00000044876_ENSNLEG00000028192,0.99,0.99,0.99,1.0,0.98,0.98,0.92,0.68,0.7
ENSPTET00000038039_ENSPTEG00000027014,0.98,0.98,0.98,0.98,1.0,0.99,0.92,0.68,0.7
ENSCSAT00000018281_ENSCSAG00000000254,0.98,0.98,0.98,0.98,0.99,1.0,0.92,0.68,0.7
ENSPSMT00000000275_ENSPSMG00000000224,0.93,0.92,0.93,0.92,0.92,0.92,1.0,0.68,0.7
ENSOCUT00000034788_ENSOCUG00000036541,0.68,0.68,0.68,0.68,0.68,0.68,0.68,1.0,0.67
ENSPPRT00000030688_ENSPPRG00000020912,0.7,0.7,0.7,0.7,0.7,0.7,0.7,0.67,1.0
