,ENSCSAVT00000000992_ENSCSAVG00000000550,ENSCINT00000015352_ENSCING00000007485,ENSPVIT00000028058_ENSPVIG00000017092,ENSNSUT00000023543_ENSNSUG00000016089,ENSSMRT00000008937_ENSSMRG00000006128,ENSACAT00000011733_ENSACAG00000011764
ENSCSAVT00000000992_ENSCSAVG00000000550,1.0,0.81,0.12,0.12,0.38,0.14
ENSCINT00000015352_ENSCING00000007485,0.81,1.0,0.19,0.19,0.44,0.12
ENSPVIT00000028058_ENSPVIG00000017092,0.12,0.19,1.0,0.62,0.25,0.25
ENSNSUT00000023543_ENSNSUG00000016089,0.12,0.19,0.62,1.0,0.25,0.25
ENSSMRT00000008937_ENSSMRG00000006128,0.38,0.44,0.25,0.25,1.0,0.17
ENSACAT00000011733_ENSACAG00000011764,0.14,0.12,0.25,0.25,0.17,1.0
