,ENSLACT00000005325_ENSLACG00000004690,ENSCMIT00000024251_ENSCMIG00000010491,ENSCMIT00000024255_ENSCMIG00000010491,ENSCMIT00000024256_ENSCMIG00000010491,ENSCMIT00000024258_ENSCMIG00000010491,ENSCMIT00000024261_ENSCMIG00000010491,ENSCMIT00000024268_ENSCMIG00000010491
ENSLACT00000005325_ENSLACG00000004690,1.0,0.79,0.67,0.75,0.63,0.75,0.75
ENSCMIT00000024251_ENSCMIG00000010491,0.79,1.0,0.62,0.73,0.66,0.77,0.77
ENSCMIT00000024255_ENSCMIG00000010491,0.67,0.62,1.0,0.62,0.72,0.59,0.59
ENSCMIT00000024256_ENSCMIG00000010491,0.75,0.73,0.62,1.0,0.67,0.79,0.79
ENSCMIT00000024258_ENSCMIG00000010491,0.63,0.66,0.72,0.67,1.0,0.7,0.7
ENSCMIT00000024261_ENSCMIG00000010491,0.75,0.77,0.59,0.79,0.7,1.0,0.82
ENSCMIT00000024268_ENSCMIG00000010491,0.75,0.77,0.59,0.79,0.7,0.82,1.0
