,ENSSFOT00015004474_ENSSFOG00015002889,ENSPKIT00000030712_ENSPKIG00000022853,ENSDCDT00000069659_ENSDCDG00000033610,ENSCHAT00000043389_ENSCHAG00000018778,ENSPNAT00000001938_ENSPNAG00000002635,ENSAMXT00000051399_ENSAMXG00000006440,ENSAMXT00000006611_ENSAMXG00000006440,ENSEEET00000030340_ENSEEEG00000014373,ENSIPUT00000030616_ENSIPUG00000019874
ENSSFOT00015004474_ENSSFOG00015002889,1.0,0.56,0.53,0.48,0.53,0.61,0.53,0.4,0.48
ENSPKIT00000030712_ENSPKIG00000022853,0.56,1.0,0.84,0.75,0.87,0.5,0.87,0.61,0.77
ENSDCDT00000069659_ENSDCDG00000033610,0.53,0.84,1.0,0.89,0.85,0.51,0.85,0.62,0.76
ENSCHAT00000043389_ENSCHAG00000018778,0.48,0.75,0.89,1.0,0.79,0.48,0.79,0.58,0.71
ENSPNAT00000001938_ENSPNAG00000002635,0.53,0.87,0.85,0.79,1.0,0.54,0.96,0.69,0.85
ENSAMXT00000051399_ENSAMXG00000006440,0.61,0.5,0.51,0.48,0.54,1.0,0.54,0.39,0.48
ENSAMXT00000006611_ENSAMXG00000006440,0.53,0.87,0.85,0.79,0.96,0.54,1.0,0.69,0.85
ENSEEET00000030340_ENSEEEG00000014373,0.4,0.61,0.62,0.58,0.69,0.39,0.69,1.0,0.62
ENSIPUT00000030616_ENSIPUG00000019874,0.48,0.77,0.76,0.71,0.85,0.48,0.85,0.62,1.0
