,ENSDCDT00000037889_ENSDCDG00000020609,ENSCHAT00000057408_ENSCHAG00000024223,ENSCHAT00000057455_ENSCHAG00000024223,ENSCHAT00000057467_ENSCHAG00000024223,ENSCHAT00000057483_ENSCHAG00000024223,ENSCHAT00000057492_ENSCHAG00000024223
ENSDCDT00000037889_ENSDCDG00000020609,1.0,0.68,0.65,0.72,0.57,0.54
ENSCHAT00000057408_ENSCHAG00000024223,0.68,1.0,0.9,0.85,0.69,0.62
ENSCHAT00000057455_ENSCHAG00000024223,0.65,0.9,1.0,0.83,0.71,0.7
ENSCHAT00000057467_ENSCHAG00000024223,0.72,0.85,0.83,1.0,0.71,0.64
ENSCHAT00000057483_ENSCHAG00000024223,0.57,0.69,0.71,0.71,1.0,0.85
ENSCHAT00000057492_ENSCHAG00000024223,0.54,0.62,0.7,0.64,0.85,1.0
