,ENSDCDT00000056126_ENSDCDG00000028393,ENSDCDT00000056133_ENSDCDG00000028393,ENSCHAT00000009373_ENSCHAG00000005065,ENSPNAT00000027994_ENSPNAG00000025061,ENSPNAT00000039044_ENSPNAG00000025061,ENSPNAT00000027995_ENSPNAG00000025164,ENSPNAT00000039067_ENSPNAG00000025164
ENSDCDT00000056126_ENSDCDG00000028393,1.0,0.94,0.21,0.2,0.17,0.14,0.17
ENSDCDT00000056133_ENSDCDG00000028393,0.94,1.0,0.22,0.21,0.18,0.15,0.18
ENSCHAT00000009373_ENSCHAG00000005065,0.21,0.22,1.0,0.54,0.47,0.45,0.47
ENSPNAT00000027994_ENSPNAG00000025061,0.2,0.21,0.54,1.0,0.55,0.75,0.54
ENSPNAT00000039044_ENSPNAG00000025061,0.17,0.18,0.47,0.55,1.0,0.49,0.95
ENSPNAT00000027995_ENSPNAG00000025164,0.14,0.15,0.45,0.75,0.49,1.0,0.48
ENSPNAT00000039067_ENSPNAG00000025164,0.17,0.18,0.47,0.54,0.95,0.48,1.0
