,ENSPCIT00000056627_ENSPCIG00000034222,ENSPCIT00000057255_ENSPCIG00000034222,ENSPCIT00000060012_ENSPCIG00000034222,ENSPCIT00000063348_ENSPCIG00000034222,ENSVURT00010012330_ENSVURG00010008387,ENSMEUT00000002783_ENSMEUG00000002774,ENSMODT00000066969_ENSMODG00000044374,ENSSHAT00000013669_ENSSHAG00000011588
ENSPCIT00000056627_ENSPCIG00000034222,1.0,1.0,0.66,0.38,1.0,0.99,0.99,0.99
ENSPCIT00000057255_ENSPCIG00000034222,1.0,1.0,0.66,0.38,1.0,0.99,0.99,0.99
ENSPCIT00000060012_ENSPCIG00000034222,0.66,0.66,1.0,0.31,0.66,0.65,0.65,0.65
ENSPCIT00000063348_ENSPCIG00000034222,0.38,0.38,0.31,1.0,0.38,0.38,0.38,0.38
ENSVURT00010012330_ENSVURG00010008387,1.0,1.0,0.66,0.38,1.0,0.99,0.99,0.99
ENSMEUT00000002783_ENSMEUG00000002774,0.99,0.99,0.65,0.38,0.99,1.0,0.99,0.99
ENSMODT00000066969_ENSMODG00000044374,0.99,0.99,0.65,0.38,0.99,0.99,1.0,0.99
ENSSHAT00000013669_ENSSHAG00000011588,0.99,0.99,0.65,0.38,0.99,0.99,0.99,1.0
