,ENSPNAT00000028731_ENSPNAG00000003942,ENSPNAT00000039298_ENSPNAG00000003942,ENSAMXT00000033724_ENSAMXG00000041426,ENSAMXT00000038922_ENSAMXG00000041426,ENSAMXT00000043660_ENSAMXG00000041426,ENSEEET00000009168_ENSEEEG00000004666,ENSIPUT00000008098_ENSIPUG00000005348,ENSIPUT00000008112_ENSIPUG00000005348
ENSPNAT00000028731_ENSPNAG00000003942,1.0,0.92,0.87,0.83,0.79,0.58,0.81,0.8
ENSPNAT00000039298_ENSPNAG00000003942,0.92,1.0,0.93,0.87,0.82,0.59,0.8,0.83
ENSAMXT00000033724_ENSAMXG00000041426,0.87,0.93,1.0,0.92,0.85,0.59,0.82,0.85
ENSAMXT00000038922_ENSAMXG00000041426,0.83,0.87,0.92,1.0,0.91,0.57,0.78,0.86
ENSAMXT00000043660_ENSAMXG00000041426,0.79,0.82,0.85,0.91,1.0,0.57,0.73,0.8
ENSEEET00000009168_ENSEEEG00000004666,0.58,0.59,0.59,0.57,0.57,1.0,0.58,0.57
ENSIPUT00000008098_ENSIPUG00000005348,0.81,0.8,0.82,0.78,0.73,0.58,1.0,0.88
ENSIPUT00000008112_ENSIPUG00000005348,0.8,0.83,0.85,0.86,0.8,0.57,0.88,1.0
