,C07G3.3a.1_WBGene00006258,C07G3.3b.1_WBGene00006258,C07G3.4.1_WBGene00006257,C07G3.5.1_WBGene00006259,C07G3.6.1_WBGene00006256,Y46H3D.3.1_WBGene00006253,Y46H3D.2.1_WBGene00006252,C55A1.1.1_WBGene00008321
C07G3.3a.1_WBGene00006258,1.0,0.7,0.86,0.85,0.81,0.57,0.59,0.42
C07G3.3b.1_WBGene00006258,0.7,1.0,0.65,0.64,0.61,0.47,0.46,0.43
C07G3.4.1_WBGene00006257,0.86,0.65,1.0,0.87,0.8,0.57,0.59,0.44
C07G3.5.1_WBGene00006259,0.85,0.64,0.87,1.0,0.81,0.57,0.58,0.43
C07G3.6.1_WBGene00006256,0.81,0.61,0.8,0.81,1.0,0.57,0.6,0.42
Y46H3D.3.1_WBGene00006253,0.57,0.47,0.57,0.57,0.57,1.0,0.77,0.38
Y46H3D.2.1_WBGene00006252,0.59,0.46,0.59,0.58,0.6,0.77,1.0,0.37
C55A1.1.1_WBGene00008321,0.42,0.43,0.44,0.43,0.42,0.38,0.37,1.0
