,ENSNSUT00000002165_ENSNSUG00000001658,ENSNSUT00000002167_ENSNSUG00000001658,ENSNSUT00000002172_ENSNSUG00000001658,ENSNSUT00000002212_ENSNSUG00000001730,ENSNSUT00000002220_ENSNSUG00000001730,ENSNSUT00000002229_ENSNSUG00000001730
ENSNSUT00000002165_ENSNSUG00000001658,1.0,0.81,0.74,0.5,0.6,0.48
ENSNSUT00000002167_ENSNSUG00000001658,0.81,1.0,0.6,0.38,0.46,0.61
ENSNSUT00000002172_ENSNSUG00000001658,0.74,0.6,1.0,0.59,0.71,0.51
ENSNSUT00000002212_ENSNSUG00000001730,0.5,0.38,0.59,1.0,0.83,0.66
ENSNSUT00000002220_ENSNSUG00000001730,0.6,0.46,0.71,0.83,1.0,0.79
ENSNSUT00000002229_ENSNSUG00000001730,0.48,0.61,0.51,0.66,0.79,1.0
