,ENSPKIT00000000947_ENSPKIG00000005150,ENSPKIT00000000970_ENSPKIG00000005150,ENSSFOT00015031629_ENSSFOG00015020057,ENSSFOT00015031640_ENSSFOG00015020057,ENSSFOT00015031653_ENSSFOG00015020057,ENSCHAT00000040646_ENSCHAG00000017660,ENSCHAT00000040663_ENSCHAG00000017660,ENSDCDT00000029001_ENSDCDG00000016601,ENSDCDT00000029010_ENSDCDG00000016601
ENSPKIT00000000947_ENSPKIG00000005150,1.0,0.96,0.81,0.81,0.72,0.63,0.6,0.65,0.53
ENSPKIT00000000970_ENSPKIG00000005150,0.96,1.0,0.78,0.78,0.75,0.6,0.64,0.64,0.56
ENSSFOT00015031629_ENSSFOG00015020057,0.81,0.78,1.0,1.0,0.9,0.63,0.6,0.65,0.53
ENSSFOT00015031640_ENSSFOG00015020057,0.81,0.78,1.0,1.0,0.9,0.63,0.6,0.65,0.53
ENSSFOT00015031653_ENSSFOG00015020057,0.72,0.75,0.9,0.9,1.0,0.54,0.57,0.57,0.6
ENSCHAT00000040646_ENSCHAG00000017660,0.63,0.6,0.63,0.63,0.54,1.0,0.96,0.66,0.54
ENSCHAT00000040663_ENSCHAG00000017660,0.6,0.64,0.6,0.6,0.57,0.96,1.0,0.65,0.57
ENSDCDT00000029001_ENSDCDG00000016601,0.65,0.64,0.65,0.65,0.57,0.66,0.65,1.0,0.87
ENSDCDT00000029010_ENSDCDG00000016601,0.53,0.56,0.53,0.53,0.6,0.54,0.57,0.87,1.0
