,T25F10.5.1_WBGene00000244,FBtr0078058_FBgn0031255,ENSECRT00000019095_ENSECRG00000012513,ENSLACT00000026659_ENSLACG00000011598,ENSCMIT00000006659_ENSCMIG00000003640,ENSCMIT00000006660_ENSCMIG00000003640,ENSCMIT00000006662_ENSCMIG00000003640
T25F10.5.1_WBGene00000244,1.0,0.26,0.54,0.53,0.54,0.55,0.57
FBtr0078058_FBgn0031255,0.26,1.0,0.31,0.27,0.27,0.3,0.29
ENSECRT00000019095_ENSECRG00000012513,0.54,0.31,1.0,0.82,0.78,0.77,0.85
ENSLACT00000026659_ENSLACG00000011598,0.53,0.27,0.82,1.0,0.76,0.75,0.85
ENSCMIT00000006659_ENSCMIG00000003640,0.54,0.27,0.78,0.76,1.0,0.81,0.87
ENSCMIT00000006660_ENSCMIG00000003640,0.55,0.3,0.77,0.75,0.81,1.0,0.85
ENSCMIT00000006662_ENSCMIG00000003640,0.57,0.29,0.85,0.85,0.87,0.85,1.0
