,ENSCCNT00000020762_ENSCCNG00000016245,ENSCCNT00000020787_ENSCCNG00000016245,ENSDORT00000033915_ENSDORG00000024254,ENSJJAT00000015249_ENSJJAG00000012864,ENSUPAT00010011395_ENSUPAG00010007993,ENSUPAT00010011427_ENSUPAG00010007993,ENSSTOT00000038696_ENSSTOG00000010120,ENSSTOT00000010118_ENSSTOG00000010120
ENSCCNT00000020762_ENSCCNG00000016245,1.0,0.54,0.88,0.96,0.97,0.52,0.97,0.52
ENSCCNT00000020787_ENSCCNG00000016245,0.54,1.0,0.61,0.51,0.52,0.97,0.52,0.97
ENSDORT00000033915_ENSDORG00000024254,0.88,0.61,1.0,0.87,0.87,0.61,0.87,0.61
ENSJJAT00000015249_ENSJJAG00000012864,0.96,0.51,0.87,1.0,0.96,0.51,0.96,0.51
ENSUPAT00010011395_ENSUPAG00010007993,0.97,0.52,0.87,0.96,1.0,0.54,1.0,0.54
ENSUPAT00010011427_ENSUPAG00010007993,0.52,0.97,0.61,0.51,0.54,1.0,0.54,1.0
ENSSTOT00000038696_ENSSTOG00000010120,0.97,0.52,0.87,0.96,1.0,0.54,1.0,0.54
ENSSTOT00000010118_ENSSTOG00000010120,0.52,0.97,0.61,0.51,0.54,1.0,0.54,1.0
