,ENSMLET00000003774_ENSMLEG00000003388,ENSPANT00000042725_ENSPANG00000035309,ENSMNET00000041424_ENSMNEG00000032611,ENSRROT00000051994_ENSRROG00000037631,ENSPTRT00000107592_ENSPTRG00000050434,ENSPPAT00000000644_ENSPPAG00000000636,ENSGGOT00000057415_ENSGGOG00000043359,ENSPPYT00000016826_ENSPPYG00000014468,ENSCJAT00000099284_ENSCJAG00000061487
ENSMLET00000003774_ENSMLEG00000003388,1.0,0.99,0.99,0.95,0.89,0.89,0.89,0.89,0.46
ENSPANT00000042725_ENSPANG00000035309,0.99,1.0,0.99,0.94,0.88,0.88,0.89,0.89,0.46
ENSMNET00000041424_ENSMNEG00000032611,0.99,0.99,1.0,0.95,0.89,0.88,0.89,0.89,0.46
ENSRROT00000051994_ENSRROG00000037631,0.95,0.94,0.95,1.0,0.88,0.88,0.88,0.88,0.45
ENSPTRT00000107592_ENSPTRG00000050434,0.89,0.88,0.89,0.88,1.0,1.0,0.99,0.97,0.52
ENSPPAT00000000644_ENSPPAG00000000636,0.89,0.88,0.88,0.88,1.0,1.0,0.98,0.97,0.51
ENSGGOT00000057415_ENSGGOG00000043359,0.89,0.89,0.89,0.88,0.99,0.98,1.0,0.97,0.52
ENSPPYT00000016826_ENSPPYG00000014468,0.89,0.89,0.89,0.88,0.97,0.97,0.97,1.0,0.52
ENSCJAT00000099284_ENSCJAG00000061487,0.46,0.46,0.46,0.45,0.52,0.51,0.52,0.52,1.0
