,ENSPKIT00000013459_ENSPKIG00000012633,ENSPKIT00000025259_ENSPKIG00000019672,ENSPKIT00000011275_ENSPKIG00000011311,ENSPKIT00000035097_ENSPKIG00000025469,ENSPKIT00000009192_ENSPKIG00000010075,ENSPKIT00000041328_ENSPKIG00000002987,ENSPKIT00000032297_ENSPKIG00000023805
ENSPKIT00000013459_ENSPKIG00000012633,1.0,0.68,0.67,0.67,0.75,0.47,0.73
ENSPKIT00000025259_ENSPKIG00000019672,0.68,1.0,0.94,0.75,0.63,0.53,0.8
ENSPKIT00000011275_ENSPKIG00000011311,0.67,0.94,1.0,0.73,0.63,0.55,0.79
ENSPKIT00000035097_ENSPKIG00000025469,0.67,0.75,0.73,1.0,0.63,0.54,0.77
ENSPKIT00000009192_ENSPKIG00000010075,0.75,0.63,0.63,0.63,1.0,0.42,0.66
ENSPKIT00000041328_ENSPKIG00000002987,0.47,0.53,0.55,0.54,0.42,1.0,0.52
ENSPKIT00000032297_ENSPKIG00000023805,0.73,0.8,0.79,0.77,0.66,0.52,1.0
