,ENSACAT00000002116_ENSACAG00000002178,ENSPVIT00000017647_ENSPVIG00000010899,ENSPVIT00000017648_ENSPVIG00000010899,ENSPVIT00000017649_ENSPVIG00000010899,ENSPVIT00000017650_ENSPVIG00000010899,ENSPVIT00000017651_ENSPVIG00000010899,ENSPVIT00000017652_ENSPVIG00000010899
ENSACAT00000002116_ENSACAG00000002178,1.0,0.95,0.77,0.53,0.81,0.3,0.54
ENSPVIT00000017647_ENSPVIG00000010899,0.95,1.0,0.81,0.56,0.84,0.32,0.57
ENSPVIT00000017648_ENSPVIG00000010899,0.77,0.81,1.0,0.73,0.83,0.31,0.55
ENSPVIT00000017649_ENSPVIG00000010899,0.53,0.56,0.73,1.0,0.58,0.55,0.31
ENSPVIT00000017650_ENSPVIG00000010899,0.81,0.84,0.83,0.58,1.0,0.34,0.59
ENSPVIT00000017651_ENSPVIG00000010899,0.3,0.32,0.31,0.55,0.34,1.0,0.69
ENSPVIT00000017652_ENSPVIG00000010899,0.54,0.57,0.55,0.31,0.59,0.69,1.0
