,ENSDCDT00000031088_ENSDCDG00000017052,ENSDCDT00000031162_ENSDCDG00000017052,ENSDCDT00000031166_ENSDCDG00000017052,ENSCHAT00000016178_ENSCHAG00000007272,ENSCHAT00000016363_ENSCHAG00000007272,ENSCHAT00000016473_ENSCHAG00000007272,ENSCHAT00000016552_ENSCHAG00000007272
ENSDCDT00000031088_ENSDCDG00000017052,1.0,0.7,0.74,0.59,0.58,0.55,0.54
ENSDCDT00000031162_ENSDCDG00000017052,0.7,1.0,0.86,0.73,0.73,0.68,0.66
ENSDCDT00000031166_ENSDCDG00000017052,0.74,0.86,1.0,0.8,0.8,0.78,0.76
ENSCHAT00000016178_ENSCHAG00000007272,0.59,0.73,0.8,1.0,0.95,0.91,0.88
ENSCHAT00000016363_ENSCHAG00000007272,0.58,0.73,0.8,0.95,1.0,0.92,0.89
ENSCHAT00000016473_ENSCHAG00000007272,0.55,0.68,0.78,0.91,0.92,1.0,0.97
ENSCHAT00000016552_ENSCHAG00000007272,0.54,0.66,0.76,0.88,0.89,0.97,1.0
