,ENSGGOT00000060834_ENSGGOG00000041190,ENSPTRT00000081664_ENSPTRG00000046181,ENSRBIT00000048723_ENSRBIG00000036308,ENSPTET00000051352_ENSPTEG00000035468,ENSPANT00000053108_ENSPANG00000033683,ENSTGET00000040190_ENSTGEG00000027015,ENSRROT00000051124_ENSRROG00000037188
ENSGGOT00000060834_ENSGGOG00000041190,1.0,0.98,0.24,0.84,0.85,0.79,0.6
ENSPTRT00000081664_ENSPTRG00000046181,0.98,1.0,0.25,0.84,0.85,0.79,0.61
ENSRBIT00000048723_ENSRBIG00000036308,0.24,0.25,1.0,0.38,0.38,0.44,0.63
ENSPTET00000051352_ENSPTEG00000035468,0.84,0.84,0.38,1.0,0.99,0.94,0.75
ENSPANT00000053108_ENSPANG00000033683,0.85,0.85,0.38,0.99,1.0,0.94,0.75
ENSTGET00000040190_ENSTGEG00000027015,0.79,0.79,0.44,0.94,0.94,1.0,0.79
ENSRROT00000051124_ENSRROG00000037188,0.6,0.61,0.63,0.75,0.75,0.79,1.0
