,ENSAOCT00000028311_ENSAOCG00000001748,ENSAPET00000003781_ENSAPEG00000002668,ENSAPOT00000025326_ENSAPOG00000019474,ENSSPAT00000017963_ENSSPAG00000013359,ENSPRNT00000048586_ENSPRNG00000022195,ENSLCRT00005034823_ENSLCRG00005013415,ENSTRUT00000049771_ENSTRUG00000022475
ENSAOCT00000028311_ENSAOCG00000001748,1.0,0.56,0.87,0.46,0.55,0.5,0.42
ENSAPET00000003781_ENSAPEG00000002668,0.56,1.0,0.47,0.51,0.46,0.52,0.48
ENSAPOT00000025326_ENSAPOG00000019474,0.87,0.47,1.0,0.47,0.56,0.49,0.43
ENSSPAT00000017963_ENSSPAG00000013359,0.46,0.51,0.47,1.0,0.46,0.43,0.46
ENSPRNT00000048586_ENSPRNG00000022195,0.55,0.46,0.56,0.46,1.0,0.63,0.42
ENSLCRT00005034823_ENSLCRG00005013415,0.5,0.52,0.49,0.43,0.63,1.0,0.39
ENSTRUT00000049771_ENSTRUG00000022475,0.42,0.48,0.43,0.46,0.42,0.39,1.0
