,ENSRBIT00000065772_ENSRBIG00000044187,ENSRROT00000047138_ENSRROG00000035328,ENSPTET00000034484_ENSPTEG00000024761,ENSCATT00000000080_ENSCATG00000000121,ENSTGET00000000758_ENSTGEG00000000565,ENSMFAT00000065358_ENSMFAG00000030623,ENSMNET00000026022_ENSMNEG00000023782,ENSMLET00000030157_ENSMLEG00000027369,ENSNLET00000057279_ENSNLEG00000032241
ENSRBIT00000065772_ENSRBIG00000044187,1.0,1.0,0.52,0.52,0.52,0.52,0.52,0.38,0.44
ENSRROT00000047138_ENSRROG00000035328,1.0,1.0,0.52,0.52,0.52,0.52,0.52,0.38,0.44
ENSPTET00000034484_ENSPTEG00000024761,0.52,0.52,1.0,0.98,0.98,0.99,0.98,0.84,0.89
ENSCATT00000000080_ENSCATG00000000121,0.52,0.52,0.98,1.0,0.99,0.99,0.99,0.85,0.89
ENSTGET00000000758_ENSTGEG00000000565,0.52,0.52,0.98,0.99,1.0,0.99,0.99,0.85,0.89
ENSMFAT00000065358_ENSMFAG00000030623,0.52,0.52,0.99,0.99,0.99,1.0,1.0,0.85,0.89
ENSMNET00000026022_ENSMNEG00000023782,0.52,0.52,0.98,0.99,0.99,1.0,1.0,0.85,0.89
ENSMLET00000030157_ENSMLEG00000027369,0.38,0.38,0.84,0.85,0.85,0.85,0.85,1.0,0.75
ENSNLET00000057279_ENSNLEG00000032241,0.44,0.44,0.89,0.89,0.89,0.89,0.89,0.75,1.0
