,ENSPKIT00000011162_ENSPKIG00000011229,ENSSFOT00015018734_ENSSFOG00015011907,ENSSFOT00015018744_ENSSFOG00015011907,ENSSFOT00015018761_ENSSFOG00015011907,ENSSFOT00015016983_ENSSFOG00015010820,ENSCHAT00000056745_ENSCHAG00000023988,ENSCHAT00000056764_ENSCHAG00000023988,ENSCHAT00000056791_ENSCHAG00000023988,ENSDCDT00000035631_ENSDCDG00000019702
ENSPKIT00000011162_ENSPKIG00000011229,1.0,0.91,0.91,0.77,0.86,0.82,0.79,0.66,0.82
ENSSFOT00015018734_ENSSFOG00015011907,0.91,1.0,0.94,0.81,0.86,0.82,0.79,0.66,0.82
ENSSFOT00015018744_ENSSFOG00015011907,0.91,0.94,1.0,0.81,0.86,0.82,0.79,0.66,0.82
ENSSFOT00015018761_ENSSFOG00015011907,0.77,0.81,0.81,1.0,0.73,0.71,0.69,0.67,0.71
ENSSFOT00015016983_ENSSFOG00015010820,0.86,0.86,0.86,0.73,1.0,0.81,0.78,0.65,0.78
ENSCHAT00000056745_ENSCHAG00000023988,0.82,0.82,0.82,0.71,0.81,1.0,0.86,0.69,0.78
ENSCHAT00000056764_ENSCHAG00000023988,0.79,0.79,0.79,0.69,0.78,0.86,1.0,0.66,0.8
ENSCHAT00000056791_ENSCHAG00000023988,0.66,0.66,0.66,0.67,0.65,0.69,0.66,1.0,0.61
ENSDCDT00000035631_ENSDCDG00000019702,0.82,0.82,0.82,0.71,0.78,0.78,0.8,0.61,1.0
