,ENSCSAVT00000014495_ENSCSAVG00000008390,ENSCINT00000026388_ENSCING00000014454,C41G7.1a.1_WBGene00004887,C41G7.1b.1_WBGene00004887,ENSAPOT00000000024_ENSAPOG00000012753,ENSAPOT00000000034_ENSAPOG00000012753,ENSAPOT00000000049_ENSAPOG00000012753
ENSCSAVT00000014495_ENSCSAVG00000008390,1.0,0.41,0.2,0.19,0.07,0.07,0.11
ENSCINT00000026388_ENSCING00000014454,0.41,1.0,0.21,0.19,0.08,0.07,0.11
C41G7.1a.1_WBGene00004887,0.2,0.21,1.0,0.66,0.25,0.25,0.32
C41G7.1b.1_WBGene00004887,0.19,0.19,0.66,1.0,0.23,0.29,0.37
ENSAPOT00000000024_ENSAPOG00000012753,0.07,0.08,0.25,0.23,1.0,0.75,0.52
ENSAPOT00000000034_ENSAPOG00000012753,0.07,0.07,0.25,0.29,0.75,1.0,0.62
ENSAPOT00000000049_ENSAPOG00000012753,0.11,0.11,0.32,0.37,0.52,0.62,1.0
