,ENSPKIT00000032190_ENSPKIG00000023753,ENSPKIT00000032201_ENSPKIG00000023753,ENSSFOT00015014647_ENSSFOG00015009274,ENSPKIT00000019110_ENSPKIG00000016014,ENSPKIT00000019173_ENSPKIG00000016014,ENSSFOT00015006899_ENSSFOG00015004487,ENSSFOT00015006917_ENSSFOG00015004487,ENSAMXT00000019600_ENSAMXG00000019034
ENSPKIT00000032190_ENSPKIG00000023753,1.0,0.96,0.55,0.85,0.76,0.86,0.86,0.86
ENSPKIT00000032201_ENSPKIG00000023753,0.96,1.0,0.56,0.86,0.78,0.88,0.88,0.87
ENSSFOT00015014647_ENSSFOG00015009274,0.55,0.56,1.0,0.54,0.63,0.56,0.56,0.55
ENSPKIT00000019110_ENSPKIG00000016014,0.85,0.86,0.54,1.0,0.8,0.87,0.87,0.84
ENSPKIT00000019173_ENSPKIG00000016014,0.76,0.78,0.63,0.8,1.0,0.78,0.78,0.75
ENSSFOT00015006899_ENSSFOG00015004487,0.86,0.88,0.56,0.87,0.78,1.0,0.97,0.86
ENSSFOT00015006917_ENSSFOG00015004487,0.86,0.88,0.56,0.87,0.78,0.97,1.0,0.86
ENSAMXT00000019600_ENSAMXG00000019034,0.86,0.87,0.55,0.84,0.75,0.86,0.86,1.0
