,FBtr0088778_FBgn0028562,FBtr0332247_FBgn0028561,FBtr0088779_FBgn0028561,FBtr0088777_FBgn0028563,FBtr0085966_FBgn0033047,FBtr0335266_FBgn0033047
FBtr0088778_FBgn0028562,1.0,0.57,0.51,0.45,0.4,0.4
FBtr0332247_FBgn0028561,0.57,1.0,0.75,0.54,0.49,0.49
FBtr0088779_FBgn0028561,0.51,0.75,1.0,0.61,0.54,0.54
FBtr0088777_FBgn0028563,0.45,0.54,0.61,1.0,0.68,0.68
FBtr0085966_FBgn0033047,0.4,0.49,0.54,0.68,1.0,0.95
FBtr0335266_FBgn0033047,0.4,0.49,0.54,0.68,0.95,1.0
