,ENSEBUT00000026523_ENSEBUG00000015991,ENSDCDT00000060196_ENSDCDG00000030048,ENSCHAT00000037703_ENSCHAG00000015327,ENSCHAT00000037811_ENSCHAG00000015327,ENSCHAT00000037836_ENSCHAG00000015327,ENSCHAT00000037929_ENSCHAG00000015327
ENSEBUT00000026523_ENSEBUG00000015991,1.0,0.8,0.79,0.87,0.78,0.78
ENSDCDT00000060196_ENSDCDG00000030048,0.8,1.0,0.83,0.84,0.89,0.82
ENSCHAT00000037703_ENSCHAG00000015327,0.79,0.83,1.0,0.89,0.88,0.87
ENSCHAT00000037811_ENSCHAG00000015327,0.87,0.84,0.89,1.0,0.88,0.88
ENSCHAT00000037836_ENSCHAG00000015327,0.78,0.89,0.88,0.88,1.0,0.87
ENSCHAT00000037929_ENSCHAG00000015327,0.78,0.82,0.87,0.88,0.87,1.0
