,ENSAHAT00000001480_ENSAHAG00000001113,ENSAOWT00000021811_ENSAOWG00000013085,ENSARWT00000008102_ENSARWG00000004970,ENSDNVT00000010201_ENSDNVG00000006021,ENSDNVT00000010206_ENSDNVG00000006021,ENSNPET00000014853_ENSNPEG00000010849
ENSAHAT00000001480_ENSAHAG00000001113,1.0,0.72,0.69,0.68,0.71,0.7
ENSAOWT00000021811_ENSAOWG00000013085,0.72,1.0,0.97,0.77,0.99,0.98
ENSARWT00000008102_ENSARWG00000004970,0.69,0.97,1.0,0.74,0.96,0.95
ENSDNVT00000010201_ENSDNVG00000006021,0.68,0.77,0.74,1.0,0.77,0.76
ENSDNVT00000010206_ENSDNVG00000006021,0.71,0.99,0.96,0.77,1.0,0.98
ENSNPET00000014853_ENSNPEG00000010849,0.7,0.98,0.95,0.76,0.98,1.0
