,ENSPTET00000002177_ENSPTEG00000001647,ENSPTET00000036258_ENSPTEG00000025911,ENSPTET00000001750_ENSPTEG00000001312,ENSJHYT00000000961_ENSJHYG00000000704,ENSPTET00000008280_ENSPTEG00000006236,ENSPTET00000002058_ENSPTEG00000001549,ENSPTET00000022290_ENSPTEG00000016597
ENSPTET00000002177_ENSPTEG00000001647,1.0,0.38,0.53,0.12,0.51,0.52,0.07
ENSPTET00000036258_ENSPTEG00000025911,0.38,1.0,0.32,0.1,0.3,0.31,0.06
ENSPTET00000001750_ENSPTEG00000001312,0.53,0.32,1.0,0.1,0.52,0.5,0.13
ENSJHYT00000000961_ENSJHYG00000000704,0.12,0.1,0.1,1.0,0.12,0.13,0.23
ENSPTET00000008280_ENSPTEG00000006236,0.51,0.3,0.52,0.12,1.0,0.58,0.12
ENSPTET00000002058_ENSPTEG00000001549,0.52,0.31,0.5,0.13,0.58,1.0,0.1
ENSPTET00000022290_ENSPTEG00000016597,0.07,0.06,0.13,0.23,0.12,0.1,1.0
