,AC8.10.1_WBGene00043988,AC8.3.1_WBGene00007075,F25G6.1.1_WBGene00017796,Y119C1B.10a.1_WBGene00022475,Y119C1B.10b.1_WBGene00022475,Y54F10BM.9.1_WBGene00021863
AC8.10.1_WBGene00043988,1.0,0.91,0.47,0.39,0.38,0.07
AC8.3.1_WBGene00007075,0.91,1.0,0.47,0.39,0.38,0.07
F25G6.1.1_WBGene00017796,0.47,0.47,1.0,0.37,0.37,0.09
Y119C1B.10a.1_WBGene00022475,0.39,0.39,0.37,1.0,0.77,0.11
Y119C1B.10b.1_WBGene00022475,0.38,0.38,0.37,0.77,1.0,0.15
Y54F10BM.9.1_WBGene00021863,0.07,0.07,0.09,0.11,0.15,1.0
