,ENSPCIT00000054659_ENSPCIG00000015253,ENSPCIT00000066391_ENSPCIG00000015253,ENSPCIT00000024695_ENSPCIG00000015253,ENSVURT00010027157_ENSVURG00010018291,ENSVURT00010027163_ENSVURG00010018291,ENSVURT00010027165_ENSVURG00010018291,ENSSHAT00000014452_ENSSHAG00000012245,ENSMODT00000001213_ENSMODG00000000999,ENSOANT00000010480_ENSOANG00000006566
ENSPCIT00000054659_ENSPCIG00000015253,1.0,1.0,0.94,0.95,0.93,0.94,0.93,0.93,0.81
ENSPCIT00000066391_ENSPCIG00000015253,1.0,1.0,0.94,0.95,0.93,0.94,0.93,0.93,0.81
ENSPCIT00000024695_ENSPCIG00000015253,0.94,0.94,1.0,0.9,0.96,0.91,0.9,0.88,0.76
ENSVURT00010027157_ENSVURG00010018291,0.95,0.95,0.9,1.0,0.93,0.99,0.95,0.95,0.83
ENSVURT00010027163_ENSVURG00010018291,0.93,0.93,0.96,0.93,1.0,0.92,0.88,0.88,0.77
ENSVURT00010027165_ENSVURG00010018291,0.94,0.94,0.91,0.99,0.92,1.0,0.96,0.94,0.82
ENSSHAT00000014452_ENSSHAG00000012245,0.93,0.93,0.9,0.95,0.88,0.96,1.0,0.94,0.81
ENSMODT00000001213_ENSMODG00000000999,0.93,0.93,0.88,0.95,0.88,0.94,0.94,1.0,0.82
ENSOANT00000010480_ENSOANG00000006566,0.81,0.81,0.76,0.83,0.77,0.82,0.81,0.82,1.0
