,ENSFHET00000027367_ENSFHEG00000020256,ENSCVAT00000012628_ENSCVAG00000002948,ENSXCOT00000028153_ENSXCOG00000020742,ENSPLAT00000012130_ENSPLAG00000004387,ENSGAFT00000030257_ENSGAFG00000020189,ENSAOCT00000032617_ENSAOCG00000022269,ENSLBET00000028325_ENSLBEG00000020530,ENSNBRT00000031175_ENSNBRG00000023122
ENSFHET00000027367_ENSFHEG00000020256,1.0,0.84,0.63,0.85,0.52,0.67,0.64,0.49
ENSCVAT00000012628_ENSCVAG00000002948,0.84,1.0,0.65,0.85,0.53,0.7,0.66,0.52
ENSXCOT00000028153_ENSXCOG00000020742,0.63,0.65,1.0,0.68,0.46,0.61,0.57,0.43
ENSPLAT00000012130_ENSPLAG00000004387,0.85,0.85,0.68,1.0,0.55,0.69,0.66,0.51
ENSGAFT00000030257_ENSGAFG00000020189,0.52,0.53,0.46,0.55,1.0,0.49,0.6,0.32
ENSAOCT00000032617_ENSAOCG00000022269,0.67,0.7,0.61,0.69,0.49,1.0,0.62,0.5
ENSLBET00000028325_ENSLBEG00000020530,0.64,0.66,0.57,0.66,0.6,0.62,1.0,0.47
ENSNBRT00000031175_ENSNBRG00000023122,0.49,0.52,0.43,0.51,0.32,0.5,0.47,1.0
