,ENSEBUT00000018294_ENSEBUG00000011075,ENSEBUT00000006657_ENSEBUG00000004128,ENSEBUT00000006678_ENSEBUG00000004128,ENSEBUT00000006690_ENSEBUG00000004128,ENSEBUT00000014246_ENSEBUG00000008627,ENSEBUT00000014257_ENSEBUG00000008627,ENSEBUT00000014271_ENSEBUG00000008627,ENSEBUT00000014288_ENSEBUG00000008627,ENSEBUT00000014306_ENSEBUG00000008627
ENSEBUT00000018294_ENSEBUG00000011075,1.0,0.35,0.38,0.37,0.23,0.21,0.23,0.23,0.25
ENSEBUT00000006657_ENSEBUG00000004128,0.35,1.0,0.77,0.55,0.19,0.17,0.19,0.19,0.16
ENSEBUT00000006678_ENSEBUG00000004128,0.38,0.77,1.0,0.66,0.19,0.17,0.19,0.19,0.16
ENSEBUT00000006690_ENSEBUG00000004128,0.37,0.55,0.66,1.0,0.18,0.25,0.18,0.18,0.15
ENSEBUT00000014246_ENSEBUG00000008627,0.23,0.19,0.19,0.18,1.0,0.73,0.95,0.95,0.78
ENSEBUT00000014257_ENSEBUG00000008627,0.21,0.17,0.17,0.25,0.73,1.0,0.73,0.73,0.59
ENSEBUT00000014271_ENSEBUG00000008627,0.23,0.19,0.19,0.18,0.95,0.73,1.0,0.95,0.78
ENSEBUT00000014288_ENSEBUG00000008627,0.23,0.19,0.19,0.18,0.95,0.73,0.95,1.0,0.78
ENSEBUT00000014306_ENSEBUG00000008627,0.25,0.16,0.16,0.15,0.78,0.59,0.78,0.78,1.0
