,FBtr0077835_FBgn0031399,F39C12.1.1_WBGene00018193,ENSDORT00000008158_ENSDORG00000008159,ENSCCNT00000040514_ENSCCNG00000030624,ENSODET00000001926_ENSODEG00000001473,ENSODET00000007292_ENSODEG00000005359,ENSCLAT00000004965_ENSCLAG00000003461,ENSCPOT00000011857_ENSCPOG00000011743,ENSCAPT00000000136_ENSCAPG00000000111
FBtr0077835_FBgn0031399,1.0,0.16,0.38,0.35,0.39,0.34,0.39,0.39,0.42
F39C12.1.1_WBGene00018193,0.16,1.0,0.18,0.16,0.18,0.18,0.18,0.18,0.18
ENSDORT00000008158_ENSDORG00000008159,0.38,0.18,1.0,0.46,0.65,0.48,0.65,0.65,0.61
ENSCCNT00000040514_ENSCCNG00000030624,0.35,0.16,0.46,1.0,0.48,0.43,0.48,0.48,0.48
ENSODET00000001926_ENSODEG00000001473,0.39,0.18,0.65,0.48,1.0,0.48,0.7,0.7,0.65
ENSODET00000007292_ENSODEG00000005359,0.34,0.18,0.48,0.43,0.48,1.0,0.48,0.48,0.48
ENSCLAT00000004965_ENSCLAG00000003461,0.39,0.18,0.65,0.48,0.7,0.48,1.0,0.7,0.65
ENSCPOT00000011857_ENSCPOG00000011743,0.39,0.18,0.65,0.48,0.7,0.48,0.7,1.0,0.65
ENSCAPT00000000136_ENSCAPG00000000111,0.42,0.18,0.61,0.48,0.65,0.48,0.65,0.65,1.0
