,ENSPCIT00000066304_ENSPCIG00000031455,ENSCHOT00000010280_ENSCHOG00000010261,ENSPCAT00000003231_ENSPCAG00000003271,ENSOPRT00000007952_ENSOPRG00000007961,ENSARWT00000028305_ENSARWG00000017022,ENSAOWT00000027285_ENSAOWG00000016271,ENSHHUT00000038019_ENSHHUG00000022845,ENSHHUT00000038061_ENSHHUG00000022845,ENSHHUT00000039498_ENSHHUG00000023713
ENSPCIT00000066304_ENSPCIG00000031455,1.0,0.21,0.21,0.21,0.46,0.46,0.09,0.15,0.39
ENSCHOT00000010280_ENSCHOG00000010261,0.21,1.0,0.99,0.99,0.4,0.4,0.59,0.63,0.33
ENSPCAT00000003231_ENSPCAG00000003271,0.21,0.99,1.0,0.99,0.4,0.4,0.59,0.63,0.33
ENSOPRT00000007952_ENSOPRG00000007961,0.21,0.99,0.99,1.0,0.4,0.4,0.59,0.63,0.33
ENSARWT00000028305_ENSARWG00000017022,0.46,0.4,0.4,0.4,1.0,1.0,0.28,0.34,0.69
ENSAOWT00000027285_ENSAOWG00000016271,0.46,0.4,0.4,0.4,1.0,1.0,0.28,0.34,0.69
ENSHHUT00000038019_ENSHHUG00000022845,0.09,0.59,0.59,0.59,0.28,0.28,1.0,0.71,0.21
ENSHHUT00000038061_ENSHHUG00000022845,0.15,0.63,0.63,0.63,0.34,0.34,0.71,1.0,0.27
ENSHHUT00000039498_ENSHHUG00000023713,0.39,0.33,0.33,0.33,0.69,0.69,0.21,0.27,1.0
