,ENSPPAT00000008409_ENSPPAG00000007804,ENSPTRT00000102062_ENSPTRG00000049927,ENSGGOT00000024775_ENSGGOG00000025336,ENSPPYT00000005264_ENSPPYG00000004437,ENSNLET00000042224_ENSNLEG00000033869,ENSTGET00000034397_ENSTGEG00000023240,ENSPANT00000051247_ENSPANG00000031745,ENSPTET00000020761_ENSPTEG00000015473
ENSPPAT00000008409_ENSPPAG00000007804,1.0,1.0,0.99,0.97,0.99,0.96,0.55,0.95
ENSPTRT00000102062_ENSPTRG00000049927,1.0,1.0,0.99,0.97,0.99,0.96,0.55,0.95
ENSGGOT00000024775_ENSGGOG00000025336,0.99,0.99,1.0,0.97,0.99,0.96,0.55,0.95
ENSPPYT00000005264_ENSPPYG00000004437,0.97,0.97,0.97,1.0,0.97,0.94,0.54,0.94
ENSNLET00000042224_ENSNLEG00000033869,0.99,0.99,0.99,0.97,1.0,0.96,0.56,0.96
ENSTGET00000034397_ENSTGEG00000023240,0.96,0.96,0.96,0.94,0.96,1.0,0.58,0.98
ENSPANT00000051247_ENSPANG00000031745,0.55,0.55,0.55,0.54,0.56,0.58,1.0,0.57
ENSPTET00000020761_ENSPTEG00000015473,0.95,0.95,0.95,0.94,0.96,0.98,0.57,1.0
