,B0416.6.1_WBGene00001638,M01F1.1.1_WBGene00001639,F48E3.1a.1_WBGene00001637,F48E3.1a.2_WBGene00001637,F48E3.1b.1_WBGene00001637,ENSSMRT00000027706_ENSSMRG00000018347,ENSSMRT00000027707_ENSSMRG00000018347,ENSSMRT00000027708_ENSSMRG00000018347
B0416.6.1_WBGene00001638,1.0,0.6,0.28,0.28,0.26,0.19,0.17,0.19
M01F1.1.1_WBGene00001639,0.6,1.0,0.28,0.28,0.27,0.16,0.15,0.16
F48E3.1a.1_WBGene00001637,0.28,0.28,1.0,0.84,0.77,0.18,0.15,0.19
F48E3.1a.2_WBGene00001637,0.28,0.28,0.84,1.0,0.77,0.18,0.15,0.19
F48E3.1b.1_WBGene00001637,0.26,0.27,0.77,0.77,1.0,0.17,0.14,0.18
ENSSMRT00000027706_ENSSMRG00000018347,0.19,0.16,0.18,0.18,0.17,1.0,0.86,0.88
ENSSMRT00000027707_ENSSMRG00000018347,0.17,0.15,0.15,0.15,0.14,0.86,1.0,0.82
ENSSMRT00000027708_ENSSMRG00000018347,0.19,0.16,0.19,0.19,0.18,0.88,0.82,1.0
