,ENSAOCT00000010203_ENSAOCG00000000303,ENSAPET00000001814_ENSAPEG00000001331,ENSAPET00000001828_ENSAPEG00000001331,ENSAPOT00000007370_ENSAPOG00000007793,ENSMZET00005025414_ENSMZEG00005018394,ENSHBUT00000001191_ENSHBUG00000010382,ENSACLT00000011516_ENSACLG00000007691,ENSPNYT00000012473_ENSPNYG00000009245
ENSAOCT00000010203_ENSAOCG00000000303,1.0,1.0,0.67,0.97,0.84,0.84,0.84,0.84
ENSAPET00000001814_ENSAPEG00000001331,1.0,1.0,0.67,0.98,0.84,0.84,0.84,0.84
ENSAPET00000001828_ENSAPEG00000001331,0.67,0.67,1.0,0.65,0.52,0.52,0.52,0.52
ENSAPOT00000007370_ENSAPOG00000007793,0.97,0.98,0.65,1.0,0.84,0.84,0.84,0.84
ENSMZET00005025414_ENSMZEG00005018394,0.84,0.84,0.52,0.84,1.0,1.0,1.0,1.0
ENSHBUT00000001191_ENSHBUG00000010382,0.84,0.84,0.52,0.84,1.0,1.0,1.0,1.0
ENSACLT00000011516_ENSACLG00000007691,0.84,0.84,0.52,0.84,1.0,1.0,1.0,1.0
ENSPNYT00000012473_ENSPNYG00000009245,0.84,0.84,0.52,0.84,1.0,1.0,1.0,1.0
