,ENSGAGT00000000640_ENSGAGG00000000473,ENSCJPT00005021696_ENSCJPG00005012683,ENSPRET00000013256_ENSPREG00000008898,ENSPLAT00000032035_ENSPLAG00000023553,ENSXMAT00000031318_ENSXMAG00000025745,ENSAOCT00000006408_ENSAOCG00000008885,ENSAPET00000000060_ENSAPEG00000000043,ENSSPAT00000020509_ENSSPAG00000015245
ENSGAGT00000000640_ENSGAGG00000000473,1.0,0.14,0.2,0.21,0.19,0.21,0.21,0.17
ENSCJPT00005021696_ENSCJPG00005012683,0.14,1.0,0.28,0.21,0.28,0.21,0.21,0.16
ENSPRET00000013256_ENSPREG00000008898,0.2,0.28,1.0,0.33,0.47,0.32,0.32,0.26
ENSPLAT00000032035_ENSPLAG00000023553,0.21,0.21,0.33,1.0,0.26,0.39,0.39,0.3
ENSXMAT00000031318_ENSXMAG00000025745,0.19,0.28,0.47,0.26,1.0,0.26,0.26,0.22
ENSAOCT00000006408_ENSAOCG00000008885,0.21,0.21,0.32,0.39,0.26,1.0,0.6,0.43
ENSAPET00000000060_ENSAPEG00000000043,0.21,0.21,0.32,0.39,0.26,0.6,1.0,0.43
ENSSPAT00000020509_ENSSPAG00000015245,0.17,0.16,0.26,0.3,0.22,0.43,0.43,1.0
