,K08H2.9.1_WBGene00010694,C18G1.3a.1_WBGene00015982,C18G1.3b.1_WBGene00015982,F22F7.6.1_WBGene00017723,F21H7.10.1_WBGene00009032,C54C8.2.1_WBGene00008290,T15D6.4.1_WBGene00011779,F56H6.6.1_WBGene00010167
K08H2.9.1_WBGene00010694,1.0,0.45,0.78,0.78,0.72,0.89,0.89,0.83
C18G1.3a.1_WBGene00015982,0.45,1.0,0.5,0.4,0.4,0.45,0.45,0.5
C18G1.3b.1_WBGene00015982,0.78,0.5,1.0,0.72,0.67,0.78,0.78,0.72
F22F7.6.1_WBGene00017723,0.78,0.4,0.72,1.0,0.78,0.78,0.78,0.72
F21H7.10.1_WBGene00009032,0.72,0.4,0.67,0.78,1.0,0.72,0.72,0.67
C54C8.2.1_WBGene00008290,0.89,0.45,0.78,0.78,0.72,1.0,0.89,0.83
T15D6.4.1_WBGene00011779,0.89,0.45,0.78,0.78,0.72,0.89,1.0,0.83
F56H6.6.1_WBGene00010167,0.83,0.5,0.72,0.72,0.67,0.83,0.83,1.0
