,ENSVURT00010035637_ENSVURG00010023941,ENSPCIT00000037723_ENSPCIG00000022806,ENSMODT00000029878_ENSMODG00000023089,ENSSHAT00000007827_ENSSHAG00000006741,ENSPCIT00000029532_ENSPCIG00000018109,ENSLAFT00000035949_ENSLAFG00000026752,ENSDNOT00000050529_ENSDNOG00000047190,ENSUPAT00010003693_ENSUPAG00010002644,ENSSDAT00000020925_ENSSDAG00000016727
ENSVURT00010035637_ENSVURG00010023941,1.0,0.58,0.65,0.79,0.67,0.71,0.41,0.71,0.71
ENSPCIT00000037723_ENSPCIG00000022806,0.58,1.0,0.62,0.53,0.41,0.47,0.38,0.46,0.46
ENSMODT00000029878_ENSMODG00000023089,0.65,0.62,1.0,0.62,0.52,0.58,0.54,0.57,0.57
ENSSHAT00000007827_ENSSHAG00000006741,0.79,0.53,0.62,1.0,0.67,0.71,0.4,0.7,0.7
ENSPCIT00000029532_ENSPCIG00000018109,0.67,0.41,0.52,0.67,1.0,0.65,0.36,0.65,0.65
ENSLAFT00000035949_ENSLAFG00000026752,0.71,0.47,0.58,0.71,0.65,1.0,0.5,0.78,0.78
ENSDNOT00000050529_ENSDNOG00000047190,0.41,0.38,0.54,0.4,0.36,0.5,1.0,0.46,0.46
ENSUPAT00010003693_ENSUPAG00010002644,0.71,0.46,0.57,0.7,0.65,0.78,0.46,1.0,0.87
ENSSDAT00000020925_ENSSDAG00000016727,0.71,0.46,0.57,0.7,0.65,0.78,0.46,0.87,1.0
