,ENSEBUT00000005230_ENSEBUG00000003329,ENSPMAT00000000389_ENSPMAG00000000350,ENSAHAT00000005635_ENSAHAG00000003890,ENSAOWT00000010775_ENSAOWG00000006526,ENSARWT00000023754_ENSARWG00000014315,ENSDNVT00000026682_ENSDNVG00000015409,ENSNPET00000015242_ENSNPEG00000011112
ENSEBUT00000005230_ENSEBUG00000003329,1.0,0.76,0.72,0.41,0.67,0.67,0.72
ENSPMAT00000000389_ENSPMAG00000000350,0.76,1.0,0.66,0.37,0.61,0.61,0.67
ENSAHAT00000005635_ENSAHAG00000003890,0.72,0.66,1.0,0.61,0.8,0.8,0.94
ENSAOWT00000010775_ENSAOWG00000006526,0.41,0.37,0.61,1.0,0.48,0.48,0.6
ENSARWT00000023754_ENSARWG00000014315,0.67,0.61,0.8,0.48,1.0,1.0,0.8
ENSDNVT00000026682_ENSDNVG00000015409,0.67,0.61,0.8,0.48,1.0,1.0,0.8
ENSNPET00000015242_ENSNPEG00000011112,0.72,0.67,0.94,0.6,0.8,0.8,1.0
