,ENSGAFT00000005907_ENSGAFG00000003965,ENSXCOT00000013899_ENSXCOG00000010392,ENSCVAT00000010438_ENSCVAG00000004363,ENSFHET00000022438_ENSFHEG00000016147,ENSACLT00000023125_ENSACLG00000015340,ENSSPAT00000000527_ENSSPAG00000000416,ENSMMOT00000022619_ENSMMOG00000016910,ENSMMOT00000017126_ENSMMOG00000012837
ENSGAFT00000005907_ENSGAFG00000003965,1.0,1.0,0.97,0.98,0.96,0.96,0.37,0.25
ENSXCOT00000013899_ENSXCOG00000010392,1.0,1.0,0.97,0.98,0.96,0.96,0.37,0.25
ENSCVAT00000010438_ENSCVAG00000004363,0.97,0.97,1.0,0.98,0.96,0.96,0.37,0.25
ENSFHET00000022438_ENSFHEG00000016147,0.98,0.98,0.98,1.0,0.96,0.96,0.38,0.25
ENSACLT00000023125_ENSACLG00000015340,0.96,0.96,0.96,0.96,1.0,0.97,0.38,0.26
ENSSPAT00000000527_ENSSPAG00000000416,0.96,0.96,0.96,0.96,0.97,1.0,0.38,0.26
ENSMMOT00000022619_ENSMMOG00000016910,0.37,0.37,0.37,0.38,0.38,0.38,1.0,0.55
ENSMMOT00000017126_ENSMMOG00000012837,0.25,0.25,0.25,0.25,0.26,0.26,0.55,1.0
