,ENSCINT00000028286_ENSCING00000016058,ENSEBUT00000020781_ENSEBUG00000012537,FBtr0086969_FBgn0023172,FBtr0340124_FBgn0023172,FBtr0086970_FBgn0023172,FBtr0305083_FBgn0023172,FBtr0086971_FBgn0023172,F13E6.6.1_WBGene00006468
ENSCINT00000028286_ENSCING00000016058,1.0,0.34,0.19,0.16,0.15,0.15,0.15,0.3
ENSEBUT00000020781_ENSEBUG00000012537,0.34,1.0,0.15,0.12,0.11,0.11,0.11,0.25
FBtr0086969_FBgn0023172,0.19,0.15,1.0,0.83,0.82,0.8,0.82,0.16
FBtr0340124_FBgn0023172,0.16,0.12,0.83,1.0,0.89,0.87,0.89,0.13
FBtr0086970_FBgn0023172,0.15,0.11,0.82,0.89,1.0,0.88,0.9,0.12
FBtr0305083_FBgn0023172,0.15,0.11,0.8,0.87,0.88,1.0,0.88,0.12
FBtr0086971_FBgn0023172,0.15,0.11,0.82,0.89,0.9,0.88,1.0,0.12
F13E6.6.1_WBGene00006468,0.3,0.25,0.16,0.13,0.12,0.12,0.12,1.0
