,ENSPNYT00000014885_ENSPNYG00000011010,ENSPNYT00000014893_ENSPNYG00000011010,ENSPNYT00000014906_ENSPNYG00000011010,ENSOMET00000009697_ENSOMEG00000000658,ENSOMET00000009704_ENSOMEG00000000658,ENSGACT00000009298_ENSGACG00000007008,ENSGMOT00000009836_ENSGMOG00000008968
ENSPNYT00000014885_ENSPNYG00000011010,1.0,0.82,0.97,0.52,0.58,0.06,0.04
ENSPNYT00000014893_ENSPNYG00000011010,0.82,1.0,0.82,0.69,0.48,0.14,0.11
ENSPNYT00000014906_ENSPNYG00000011010,0.97,0.82,1.0,0.52,0.58,0.06,0.04
ENSOMET00000009697_ENSOMEG00000000658,0.52,0.69,0.52,1.0,0.78,0.19,0.15
ENSOMET00000009704_ENSOMEG00000000658,0.58,0.48,0.58,0.78,1.0,0.09,0.07
ENSGACT00000009298_ENSGACG00000007008,0.06,0.14,0.06,0.19,0.09,1.0,0.72
ENSGMOT00000009836_ENSGMOG00000008968,0.04,0.11,0.04,0.15,0.07,0.72,1.0
