,ENSAHAT00000016715_ENSAHAG00000010860,ENSAOWT00000010711_ENSAOWG00000006478,ENSAOWT00000010718_ENSAOWG00000006478,ENSAOWT00000010728_ENSAOWG00000006478,ENSARWT00000010787_ENSARWG00000006604,ENSNPET00000011164_ENSNPEG00000008143,ENSNPET00000011182_ENSNPEG00000008143
ENSAHAT00000016715_ENSAHAG00000010860,1.0,0.61,0.5,0.63,1.0,0.45,0.59
ENSAOWT00000010711_ENSAOWG00000006478,0.61,1.0,0.87,0.97,0.6,0.81,0.92
ENSAOWT00000010718_ENSAOWG00000006478,0.5,0.87,1.0,0.86,0.5,0.88,0.83
ENSAOWT00000010728_ENSAOWG00000006478,0.63,0.97,0.86,1.0,0.63,0.81,0.96
ENSARWT00000010787_ENSARWG00000006604,1.0,0.6,0.5,0.63,1.0,0.45,0.59
ENSNPET00000011164_ENSNPEG00000008143,0.45,0.81,0.88,0.81,0.45,1.0,0.84
ENSNPET00000011182_ENSNPEG00000008143,0.59,0.92,0.83,0.96,0.59,0.84,1.0
