,ENSDCDT00000060252_ENSDCDG00000030071,ENSDCDT00000060255_ENSDCDG00000030071,ENSDCDT00000060259_ENSDCDG00000030071,ENSDCDT00000029807_ENSDCDG00000016923,ENSCHAT00000051409_ENSCHAG00000021791,ENSCHAT00000051421_ENSCHAG00000021791
ENSDCDT00000060252_ENSDCDG00000030071,1.0,0.9,0.78,0.55,0.67,0.69
ENSDCDT00000060255_ENSDCDG00000030071,0.9,1.0,0.84,0.58,0.71,0.76
ENSDCDT00000060259_ENSDCDG00000030071,0.78,0.84,1.0,0.48,0.62,0.65
ENSDCDT00000029807_ENSDCDG00000016923,0.55,0.58,0.48,1.0,0.48,0.47
ENSCHAT00000051409_ENSCHAG00000021791,0.67,0.71,0.62,0.48,1.0,0.86
ENSCHAT00000051421_ENSCHAG00000021791,0.69,0.76,0.65,0.47,0.86,1.0
