,ENSXMAT00000014084_ENSXMAG00000014030,ENSXCOT00000023143_ENSXCOG00000017083,ENSGAFT00000018929_ENSGAFG00000012675,ENSPLAT00000012131_ENSPLAG00000004382,ENSPMET00000026705_ENSPMEG00000020616,ENSPFOT00000012515_ENSPFOG00000012434,ENSPRET00000033361_ENSPREG00000022355,ENSFHET00000020570_ENSFHEG00000014598
ENSXMAT00000014084_ENSXMAG00000014030,1.0,0.88,0.98,0.91,0.91,0.83,0.95,0.86
ENSXCOT00000023143_ENSXCOG00000017083,0.88,1.0,0.87,0.81,0.81,0.73,0.88,0.76
ENSGAFT00000018929_ENSGAFG00000012675,0.98,0.87,1.0,0.91,0.91,0.83,0.95,0.86
ENSPLAT00000012131_ENSPLAG00000004382,0.91,0.81,0.91,1.0,1.0,0.82,0.91,0.92
ENSPMET00000026705_ENSPMEG00000020616,0.91,0.81,0.91,1.0,1.0,0.82,0.91,0.92
ENSPFOT00000012515_ENSPFOG00000012434,0.83,0.73,0.83,0.82,0.82,1.0,0.82,0.75
ENSPRET00000033361_ENSPREG00000022355,0.95,0.88,0.95,0.91,0.91,0.82,1.0,0.84
ENSFHET00000020570_ENSFHEG00000014598,0.86,0.76,0.86,0.92,0.92,0.75,0.84,1.0
