,ENSPCIT00000040104_ENSPCIG00000024200,ENSPCIT00000040106_ENSPCIG00000024200,ENSMEUT00000011855_ENSMEUG00000011828,ENSMODT00000057525_ENSMODG00000040379,ENSEEUT00000005487_ENSEEUG00000005517,ENSSART00000003069_ENSSARG00000003088
ENSPCIT00000040104_ENSPCIG00000024200,1.0,0.82,0.68,0.97,0.87,0.87
ENSPCIT00000040106_ENSPCIG00000024200,0.82,1.0,0.57,0.78,0.74,0.75
ENSMEUT00000011855_ENSMEUG00000011828,0.68,0.57,1.0,0.67,0.59,0.6
ENSMODT00000057525_ENSMODG00000040379,0.97,0.78,0.67,1.0,0.87,0.87
ENSEEUT00000005487_ENSEEUG00000005517,0.87,0.74,0.59,0.87,1.0,0.9
ENSSART00000003069_ENSSARG00000003088,0.87,0.75,0.6,0.87,0.9,1.0
