,C50C10.7.1_WBGene00006070,C50C10.6.1_WBGene00006232,R10E8.5.1_WBGene00011211,W08G11.5.1_WBGene00012349,Y116A8C.40a.1_WBGene00013812,Y116A8C.40b.1_WBGene00013812
C50C10.7.1_WBGene00006070,1.0,0.75,0.48,0.68,0.52,0.53
C50C10.6.1_WBGene00006232,0.75,1.0,0.48,0.7,0.52,0.54
R10E8.5.1_WBGene00011211,0.48,0.48,1.0,0.62,0.43,0.44
W08G11.5.1_WBGene00012349,0.68,0.7,0.62,1.0,0.59,0.6
Y116A8C.40a.1_WBGene00013812,0.52,0.52,0.43,0.59,1.0,0.93
Y116A8C.40b.1_WBGene00013812,0.53,0.54,0.44,0.6,0.93,1.0
