,FBtr0087678_FBgn0027581,FBtr0330617_FBgn0027581,FBtr0330618_FBgn0027581,Y71F9B.6a.1_WBGene00022128,Y71F9B.6b.1_WBGene00022128,Y71F9B.6c.1_WBGene00022128,Y71F9B.6d.1_WBGene00022128,Y71F9B.6e.1_WBGene00022128
FBtr0087678_FBgn0027581,1.0,0.93,0.9,0.14,0.19,0.16,0.22,0.22
FBtr0330617_FBgn0027581,0.93,1.0,0.87,0.13,0.18,0.15,0.21,0.21
FBtr0330618_FBgn0027581,0.9,0.87,1.0,0.12,0.17,0.14,0.2,0.2
Y71F9B.6a.1_WBGene00022128,0.14,0.13,0.12,1.0,0.82,0.91,0.45,0.35
Y71F9B.6b.1_WBGene00022128,0.19,0.18,0.17,0.82,1.0,0.87,0.51,0.4
Y71F9B.6c.1_WBGene00022128,0.16,0.15,0.14,0.91,0.87,1.0,0.48,0.37
Y71F9B.6d.1_WBGene00022128,0.22,0.21,0.2,0.45,0.51,0.48,1.0,0.61
Y71F9B.6e.1_WBGene00022128,0.22,0.21,0.2,0.35,0.4,0.37,0.61,1.0
