,ENSMODT00000079675_ENSMODG00000002558,ENSMODT00000003175_ENSMODG00000002558,ENSMODT00000061376_ENSMODG00000002558,ENSMODT00000080536_ENSMODG00000002558,ENSPTET00000013461_ENSPTEG00000010034,ENSELUT00000015102_ENSELUG00000004107,ENSELUT00000015121_ENSELUG00000004107,ENSELUT00000015146_ENSELUG00000004107
ENSMODT00000079675_ENSMODG00000002558,1.0,0.54,0.15,0.23,0.15,0.23,0.28,0.25
ENSMODT00000003175_ENSMODG00000002558,0.54,1.0,0.15,0.14,0.16,0.23,0.28,0.25
ENSMODT00000061376_ENSMODG00000002558,0.15,0.15,1.0,0.75,0.16,0.32,0.26,0.31
ENSMODT00000080536_ENSMODG00000002558,0.23,0.14,0.75,1.0,0.15,0.27,0.25,0.27
ENSPTET00000013461_ENSPTEG00000010034,0.15,0.16,0.16,0.15,1.0,0.18,0.22,0.19
ENSELUT00000015102_ENSELUG00000004107,0.23,0.23,0.32,0.27,0.18,1.0,0.64,0.53
ENSELUT00000015121_ENSELUG00000004107,0.28,0.28,0.26,0.25,0.22,0.64,1.0,0.48
ENSELUT00000015146_ENSELUG00000004107,0.25,0.25,0.31,0.27,0.19,0.53,0.48,1.0
