,FBtr0083145_FBgn0038342,K03E6.4.1_WBGene00019364,ENSCHAT00000061564_ENSCHAG00000025822,ENSDCDT00000009327_ENSDCDG00000004314,ENSAMXT00000030566_ENSAMXG00000043369,ENSAMXT00000010572_ENSAMXG00000043369
FBtr0083145_FBgn0038342,1.0,0.21,0.23,0.24,0.23,0.26
K03E6.4.1_WBGene00019364,0.21,1.0,0.39,0.36,0.39,0.35
ENSCHAT00000061564_ENSCHAG00000025822,0.23,0.39,1.0,0.81,0.89,0.75
ENSDCDT00000009327_ENSDCDG00000004314,0.24,0.36,0.81,1.0,0.81,0.68
ENSAMXT00000030566_ENSAMXG00000043369,0.23,0.39,0.89,0.81,1.0,0.82
ENSAMXT00000010572_ENSAMXG00000043369,0.26,0.35,0.75,0.68,0.82,1.0
