,ENSSFOT00015005897_ENSSFOG00015003784,ENSPKIT00000017673_ENSPKIG00000015187,ENSSFOT00015001823_ENSSFOG00015001202,ENSPKIT00000031731_ENSPKIG00000023478,ENSIPUT00000010812_ENSIPUG00000007085,ENSIPUT00000010818_ENSIPUG00000007085,ENSEEET00000021383_ENSEEEG00000010309,ENSAMXT00000045768_ENSAMXG00000034045
ENSSFOT00015005897_ENSSFOG00015003784,1.0,0.81,0.52,0.6,0.67,0.67,0.65,0.66
ENSPKIT00000017673_ENSPKIG00000015187,0.81,1.0,0.51,0.57,0.67,0.67,0.67,0.67
ENSSFOT00015001823_ENSSFOG00015001202,0.52,0.51,1.0,0.37,0.42,0.42,0.42,0.42
ENSPKIT00000031731_ENSPKIG00000023478,0.6,0.57,0.37,1.0,0.57,0.57,0.51,0.54
ENSIPUT00000010812_ENSIPUG00000007085,0.67,0.67,0.42,0.57,1.0,1.0,0.78,0.83
ENSIPUT00000010818_ENSIPUG00000007085,0.67,0.67,0.42,0.57,1.0,1.0,0.78,0.83
ENSEEET00000021383_ENSEEEG00000010309,0.65,0.67,0.42,0.51,0.78,0.78,1.0,0.8
ENSAMXT00000045768_ENSAMXG00000034045,0.66,0.67,0.42,0.54,0.83,0.83,0.8,1.0
