,ENSSART00000000902_ENSSARG00000000908,ENSVVUT00000053214_ENSVVUG00000028974,ENSVVUT00000053215_ENSVVUG00000028974,ENSTBET00000017130_ENSTBEG00000017141,ENSTBET00000004653_ENSTBEG00000004656,ENSDNOT00000037661_ENSDNOG00000040653
ENSSART00000000902_ENSSARG00000000908,1.0,0.17,0.27,0.77,0.6,0.77
ENSVVUT00000053214_ENSVVUG00000028974,0.17,1.0,0.82,0.16,0.05,0.15
ENSVVUT00000053215_ENSVVUG00000028974,0.27,0.82,1.0,0.26,0.15,0.25
ENSTBET00000017130_ENSTBEG00000017141,0.77,0.16,0.26,1.0,0.69,0.85
ENSTBET00000004653_ENSTBEG00000004656,0.6,0.05,0.15,0.69,1.0,0.65
ENSDNOT00000037661_ENSDNOG00000040653,0.77,0.15,0.25,0.85,0.65,1.0
