,ENSCHAT00000023146_ENSCHAG00000010440,ENSCHAT00000023162_ENSCHAG00000010440,ENSCHAT00000023208_ENSCHAG00000010440,ENSCHAT00000023234_ENSCHAG00000010440,ENSDCDT00000033330_ENSDCDG00000018556,ENSDCDT00000033331_ENSDCDG00000018556,ENSDCDT00000033332_ENSDCDG00000018556
ENSCHAT00000023146_ENSCHAG00000010440,1.0,0.88,0.87,0.83,0.82,0.74,0.87
ENSCHAT00000023162_ENSCHAG00000010440,0.88,1.0,0.9,0.86,0.94,0.77,0.8
ENSCHAT00000023208_ENSCHAG00000010440,0.87,0.9,1.0,0.85,0.84,0.76,0.79
ENSCHAT00000023234_ENSCHAG00000010440,0.83,0.86,0.85,1.0,0.8,0.72,0.75
ENSDCDT00000033330_ENSDCDG00000018556,0.82,0.94,0.84,0.8,1.0,0.82,0.86
ENSDCDT00000033331_ENSDCDG00000018556,0.74,0.77,0.76,0.72,0.82,1.0,0.77
ENSDCDT00000033332_ENSDCDG00000018556,0.87,0.8,0.79,0.75,0.86,0.77,1.0
