,FBtr0301912_FBgn0036571,FBtr0333292_FBgn0036571,FBtr0075452_FBgn0036571,T05E7.3.1_WBGene00020259,T05E7.3.2_WBGene00020259,ENSEBUT00000019105_ENSEBUG00000011536
FBtr0301912_FBgn0036571,1.0,0.93,0.94,0.25,0.25,0.2
FBtr0333292_FBgn0036571,0.93,1.0,0.93,0.26,0.26,0.2
FBtr0075452_FBgn0036571,0.94,0.93,1.0,0.25,0.25,0.2
T05E7.3.1_WBGene00020259,0.25,0.26,0.25,1.0,0.98,0.32
T05E7.3.2_WBGene00020259,0.25,0.26,0.25,0.98,1.0,0.32
ENSEBUT00000019105_ENSEBUG00000011536,0.2,0.2,0.2,0.32,0.32,1.0
