,FBtr0332600_FBgn0031760,FBtr0307300_FBgn0031760,FBtr0113024_FBgn0031760,FBtr0330150_FBgn0037848,FBtr0082288_FBgn0037848,FBtr0306640_FBgn0037848,T14G10.6.1_WBGene00006638,ENSCINT00000031406_ENSCING00000020282
FBtr0332600_FBgn0031760,1.0,0.65,0.79,0.11,0.11,0.11,0.25,0.16
FBtr0307300_FBgn0031760,0.65,1.0,0.73,0.18,0.18,0.18,0.31,0.21
FBtr0113024_FBgn0031760,0.79,0.73,1.0,0.16,0.17,0.17,0.29,0.2
FBtr0330150_FBgn0037848,0.11,0.18,0.16,1.0,0.73,0.73,0.15,0.17
FBtr0082288_FBgn0037848,0.11,0.18,0.17,0.73,1.0,0.74,0.16,0.17
FBtr0306640_FBgn0037848,0.11,0.18,0.17,0.73,0.74,1.0,0.16,0.17
T14G10.6.1_WBGene00006638,0.25,0.31,0.29,0.15,0.16,0.16,1.0,0.19
ENSCINT00000031406_ENSCING00000020282,0.16,0.21,0.2,0.17,0.17,0.17,0.19,1.0
