,FBtr0343844_FBgn0053126,FBtr0077942_FBgn0053126,FBtr0329947_FBgn0053126,FBtr0077943_FBgn0051659,FBtr0301010_FBgn0051659,ENSXMAT00000017863_ENSXMAG00000017804,ENSCMIT00000019538_ENSCMIG00000008971,ENSCMIT00000019541_ENSCMIG00000008971
FBtr0343844_FBgn0053126,1.0,0.96,0.86,0.19,0.19,0.39,0.31,0.31
FBtr0077942_FBgn0053126,0.96,1.0,0.86,0.19,0.19,0.39,0.31,0.31
FBtr0329947_FBgn0053126,0.86,0.86,1.0,0.16,0.16,0.37,0.27,0.27
FBtr0077943_FBgn0051659,0.19,0.19,0.16,1.0,0.61,0.2,0.2,0.2
FBtr0301010_FBgn0051659,0.19,0.19,0.16,0.61,1.0,0.2,0.2,0.2
ENSXMAT00000017863_ENSXMAG00000017804,0.39,0.39,0.37,0.2,0.2,1.0,0.47,0.47
ENSCMIT00000019538_ENSCMIG00000008971,0.31,0.31,0.27,0.2,0.2,0.47,1.0,0.71
ENSCMIT00000019541_ENSCMIG00000008971,0.31,0.31,0.27,0.2,0.2,0.47,0.71,1.0
