,ENSPPAT00000012299_ENSPPAG00000011308,ENSPTRT00000090673_ENSPTRG00000045459,ENSGGOT00000054108_ENSGGOG00000042801,ENSNLET00000019582_ENSNLEG00000015364,ENSMLET00000055113_ENSMLEG00000039989,ENSCATT00000053931_ENSCATG00000038057,ENSPANT00000033980_ENSPANG00000031140
ENSPPAT00000012299_ENSPPAG00000011308,1.0,0.8,0.73,0.76,0.32,0.32,0.32
ENSPTRT00000090673_ENSPTRG00000045459,0.8,1.0,0.73,0.76,0.32,0.32,0.32
ENSGGOT00000054108_ENSGGOG00000042801,0.73,0.73,1.0,0.7,0.25,0.25,0.25
ENSNLET00000019582_ENSNLEG00000015364,0.76,0.76,0.7,1.0,0.34,0.34,0.34
ENSMLET00000055113_ENSMLEG00000039989,0.32,0.32,0.25,0.34,1.0,0.99,0.99
ENSCATT00000053931_ENSCATG00000038057,0.32,0.32,0.25,0.34,0.99,1.0,1.0
ENSPANT00000033980_ENSPANG00000031140,0.32,0.32,0.25,0.34,0.99,1.0,1.0
