,C17H12.6a.1_WBGene00015932,C17H12.6b.1_WBGene00015932,C17H12.8.1_WBGene00015933,C17H12.8.2_WBGene00015933,F08G5.6.1_WBGene00008584,F08G5.6.2_WBGene00008584,H20E11.3.1_WBGene00019215,H20E11.2.1_WBGene00019214,H20E11.1a.1_WBGene00019213
C17H12.6a.1_WBGene00015932,1.0,0.73,0.8,0.8,0.79,0.79,0.56,0.56,0.34
C17H12.6b.1_WBGene00015932,0.73,1.0,0.63,0.63,0.66,0.66,0.47,0.47,0.24
C17H12.8.1_WBGene00015933,0.8,0.63,1.0,0.93,0.78,0.78,0.53,0.53,0.32
C17H12.8.2_WBGene00015933,0.8,0.63,0.93,1.0,0.78,0.78,0.53,0.53,0.32
F08G5.6.1_WBGene00008584,0.79,0.66,0.78,0.78,1.0,0.93,0.56,0.56,0.33
F08G5.6.2_WBGene00008584,0.79,0.66,0.78,0.78,0.93,1.0,0.56,0.56,0.33
H20E11.3.1_WBGene00019215,0.56,0.47,0.53,0.53,0.56,0.56,1.0,0.91,0.31
H20E11.2.1_WBGene00019214,0.56,0.47,0.53,0.53,0.56,0.56,0.91,1.0,0.32
H20E11.1a.1_WBGene00019213,0.34,0.24,0.32,0.32,0.33,0.33,0.31,0.32,1.0
