,ENSSFOT00015006138_ENSSFOG00015003943,ENSSFOT00015006161_ENSSFOG00015003943,ENSPKIT00000010728_ENSPKIG00000010971,ENSPKIT00000010767_ENSPKIG00000010971,ENSPKIT00000010842_ENSPKIG00000010971,ENSSFOT00015036877_ENSSFOG00015023201,ENSPKIT00000027593_ENSPKIG00000021054
ENSSFOT00015006138_ENSSFOG00015003943,1.0,0.94,0.73,0.71,0.83,0.76,0.5
ENSSFOT00015006161_ENSSFOG00015003943,0.94,1.0,0.71,0.73,0.81,0.78,0.49
ENSPKIT00000010728_ENSPKIG00000010971,0.73,0.71,1.0,0.94,0.88,0.65,0.41
ENSPKIT00000010767_ENSPKIG00000010971,0.71,0.73,0.94,1.0,0.85,0.66,0.4
ENSPKIT00000010842_ENSPKIG00000010971,0.83,0.81,0.88,0.85,1.0,0.73,0.49
ENSSFOT00015036877_ENSSFOG00015023201,0.76,0.78,0.65,0.66,0.73,1.0,0.5
ENSPKIT00000027593_ENSPKIG00000021054,0.5,0.49,0.41,0.4,0.49,0.5,1.0
