,ENSNSUT00000016034_ENSNSUG00000011132,ENSNSUT00000016035_ENSNSUG00000011132,ENSNSUT00000016046_ENSNSUG00000011132,ENSNSUT00000016050_ENSNSUG00000011132,ENSACAT00000001549_ENSACAG00000001403,ENSPVIT00000000233_ENSPVIG00000000177,ENSPVIT00000000236_ENSPVIG00000000177,ENSPVIT00000000240_ENSPVIG00000000177
ENSNSUT00000016034_ENSNSUG00000011132,1.0,0.88,0.71,0.6,0.5,0.51,0.52,0.5
ENSNSUT00000016035_ENSNSUG00000011132,0.88,1.0,0.66,0.57,0.47,0.48,0.49,0.47
ENSNSUT00000016046_ENSNSUG00000011132,0.71,0.66,1.0,0.58,0.51,0.52,0.54,0.52
ENSNSUT00000016050_ENSNSUG00000011132,0.6,0.57,0.58,1.0,0.44,0.42,0.44,0.42
ENSACAT00000001549_ENSACAG00000001403,0.5,0.47,0.51,0.44,1.0,0.75,0.7,0.79
ENSPVIT00000000233_ENSPVIG00000000177,0.51,0.48,0.52,0.42,0.75,1.0,0.92,0.91
ENSPVIT00000000236_ENSPVIG00000000177,0.52,0.49,0.54,0.44,0.7,0.92,1.0,0.86
ENSPVIT00000000240_ENSPVIG00000000177,0.5,0.47,0.52,0.42,0.79,0.91,0.86,1.0
