,FBtr0100020_FBgn0053977,F28D1.11.1_WBGene00009219,ENSSFOT00015015867_ENSSFOG00015010104,ENSPKIT00000040190_ENSPKIG00000002338,ENSDCDT00000050766_ENSDCDG00000026381,ENSCHAT00000033485_ENSCHAG00000014792,ENSAMXT00000026275_ENSAMXG00000025548
FBtr0100020_FBgn0053977,1.0,0.38,0.19,0.19,0.2,0.2,0.2
F28D1.11.1_WBGene00009219,0.38,1.0,0.15,0.14,0.15,0.15,0.15
ENSSFOT00015015867_ENSSFOG00015010104,0.19,0.15,1.0,0.94,0.93,0.94,0.93
ENSPKIT00000040190_ENSPKIG00000002338,0.19,0.14,0.94,1.0,0.93,0.93,0.92
ENSDCDT00000050766_ENSDCDG00000026381,0.2,0.15,0.93,0.93,1.0,0.94,0.93
ENSCHAT00000033485_ENSCHAG00000014792,0.2,0.15,0.94,0.93,0.94,1.0,0.93
ENSAMXT00000026275_ENSAMXG00000025548,0.2,0.15,0.93,0.92,0.93,0.93,1.0
