,ENSVURT00010017214_ENSVURG00010011592,ENSMEUT00000011065_ENSMEUG00000011041,ENSSHAT00000018985_ENSSHAG00000015981,ENSMODT00000073333_ENSMODG00000025213,ENSMODT00000038988_ENSMODG00000025213,ENSUMAT00000018540_ENSUMAG00000011489,ENSUAMT00000017536_ENSUAMG00000012516,ENSAMET00000021263_ENSAMEG00000019436,ENSNVIT00000023756_ENSNVIG00000015984
ENSVURT00010017214_ENSVURG00010011592,1.0,0.71,0.97,0.87,0.94,0.84,0.84,0.84,0.84
ENSMEUT00000011065_ENSMEUG00000011041,0.71,1.0,0.71,0.61,0.69,0.6,0.59,0.59,0.59
ENSSHAT00000018985_ENSSHAG00000015981,0.97,0.71,1.0,0.87,0.94,0.83,0.83,0.83,0.83
ENSMODT00000073333_ENSMODG00000025213,0.87,0.61,0.87,1.0,0.92,0.76,0.75,0.76,0.75
ENSMODT00000038988_ENSMODG00000025213,0.94,0.69,0.94,0.92,1.0,0.83,0.82,0.83,0.82
ENSUMAT00000018540_ENSUMAG00000011489,0.84,0.6,0.83,0.76,0.83,1.0,1.0,0.99,0.96
ENSUAMT00000017536_ENSUAMG00000012516,0.84,0.59,0.83,0.75,0.82,1.0,1.0,0.99,0.96
ENSAMET00000021263_ENSAMEG00000019436,0.84,0.59,0.83,0.76,0.83,0.99,0.99,1.0,0.96
ENSNVIT00000023756_ENSNVIG00000015984,0.84,0.59,0.83,0.75,0.82,0.96,0.96,0.96,1.0
