,ENSXMAT00000026056_ENSXMAG00000025811,ENSXMAT00000037932_ENSXMAG00000026747,ENSXMAT00000038495_ENSXMAG00000026700,ENSXCOT00000016246_ENSXCOG00000012124,ENSXMAT00000026966_ENSXMAG00000021670,ENSXMAT00000033372_ENSXMAG00000020831
ENSXMAT00000026056_ENSXMAG00000025811,1.0,0.88,0.88,0.71,0.72,0.88
ENSXMAT00000037932_ENSXMAG00000026747,0.88,1.0,1.0,0.72,0.72,0.97
ENSXMAT00000038495_ENSXMAG00000026700,0.88,1.0,1.0,0.72,0.72,0.97
ENSXCOT00000016246_ENSXCOG00000012124,0.71,0.72,0.72,1.0,0.98,0.71
ENSXMAT00000026966_ENSXMAG00000021670,0.72,0.72,0.72,0.98,1.0,0.71
ENSXMAT00000033372_ENSXMAG00000020831,0.88,0.97,0.97,0.71,0.71,1.0
