,ENSAMET00000014739_ENSAMEG00000013439,ENSAMET00000014743_ENSAMEG00000013439,ENSAMET00000014748_ENSAMEG00000013439,ENSAMET00000014762_ENSAMEG00000013439,ENSECAT00000046592_ENSECAG00000031449,ENSRBIT00000039233_ENSRBIG00000031799,ENSRROT00000067554_ENSRROG00000044604,ENSRROT00000067558_ENSRROG00000044604
ENSAMET00000014739_ENSAMEG00000013439,1.0,0.27,0.22,0.2,0.17,0.27,0.27,0.09
ENSAMET00000014743_ENSAMEG00000013439,0.27,1.0,0.09,0.09,0.59,0.86,0.86,0.2
ENSAMET00000014748_ENSAMEG00000013439,0.22,0.09,1.0,0.09,0.09,0.09,0.09,0.09
ENSAMET00000014762_ENSAMEG00000013439,0.2,0.09,0.09,1.0,0.09,0.09,0.09,0.09
ENSECAT00000046592_ENSECAG00000031449,0.17,0.59,0.09,0.09,1.0,0.59,0.59,0.18
ENSRBIT00000039233_ENSRBIG00000031799,0.27,0.86,0.09,0.09,0.59,1.0,0.86,0.2
ENSRROT00000067554_ENSRROG00000044604,0.27,0.86,0.09,0.09,0.59,0.86,1.0,0.2
ENSRROT00000067558_ENSRROG00000044604,0.09,0.2,0.09,0.09,0.18,0.2,0.2,1.0
