,ENSVURT00010000801_ENSVURG00010000613,ENSPCIT00000017970_ENSPCIG00000011365,ENSPCIT00000017972_ENSPCIG00000011365,ENSPCIT00000017975_ENSPCIG00000011365,ENSPCIT00000017979_ENSPCIG00000011365,ENSSHAT00000009506_ENSSHAG00000008154,ENSMODT00000077388_ENSMODG00000045431,ENSMODT00000072981_ENSMODG00000045431
ENSVURT00010000801_ENSVURG00010000613,1.0,0.46,0.44,0.52,0.48,0.45,0.45,0.43
ENSPCIT00000017970_ENSPCIG00000011365,0.46,1.0,0.92,0.83,0.8,0.97,0.96,0.88
ENSPCIT00000017972_ENSPCIG00000011365,0.44,0.92,1.0,0.91,0.78,0.89,0.88,0.96
ENSPCIT00000017975_ENSPCIG00000011365,0.52,0.83,0.91,1.0,0.69,0.8,0.8,0.87
ENSPCIT00000017979_ENSPCIG00000011365,0.48,0.8,0.78,0.69,1.0,0.77,0.76,0.74
ENSSHAT00000009506_ENSSHAG00000008154,0.45,0.97,0.89,0.8,0.77,1.0,0.96,0.88
ENSMODT00000077388_ENSMODG00000045431,0.45,0.96,0.88,0.8,0.76,0.96,1.0,0.92
ENSMODT00000072981_ENSMODG00000045431,0.43,0.88,0.96,0.87,0.74,0.88,0.92,1.0
