,FBtr0307174_FBgn0086129,FBtr0072249_FBgn0086129,F36F2.3a.1_WBGene00009477,F36F2.3b.1_WBGene00009477,ENSDART00000192041_ENSDARG00000111826,ENSDART00000184520_ENSDARG00000111826,ENSDART00000108681_ENSDARG00000070812,ENSDART00000112677_ENSDARG00000070812,ENSDART00000168025_ENSDARG00000070812
FBtr0307174_FBgn0086129,1.0,0.6,0.03,0.04,0.17,0.1,0.17,0.1,0.17
FBtr0072249_FBgn0086129,0.6,1.0,0.08,0.03,0.12,0.12,0.12,0.12,0.12
F36F2.3a.1_WBGene00009477,0.03,0.08,1.0,0.53,0.03,0.12,0.03,0.12,0.03
F36F2.3b.1_WBGene00009477,0.04,0.03,0.53,1.0,0.05,0.08,0.05,0.08,0.05
ENSDART00000192041_ENSDARG00000111826,0.17,0.12,0.03,0.05,1.0,0.57,0.9,0.57,0.9
ENSDART00000184520_ENSDARG00000111826,0.1,0.12,0.12,0.08,0.57,1.0,0.57,0.79,0.57
ENSDART00000108681_ENSDARG00000070812,0.17,0.12,0.03,0.05,0.9,0.57,1.0,0.57,0.9
ENSDART00000112677_ENSDARG00000070812,0.1,0.12,0.12,0.08,0.57,0.79,0.57,1.0,0.57
ENSDART00000168025_ENSDARG00000070812,0.17,0.12,0.03,0.05,0.9,0.57,0.9,0.57,1.0
