,ENSCINT00000037111_ENSCING00000020659,ENSCINT00000036065_ENSCING00000020659,ENSCINT00000030888_ENSCING00000021472,ENSCINT00000034633_ENSCING00000023880,ENSCSAVT00000009650_ENSCSAVG00000005601,F16F9.4.1_WBGene00017515
ENSCINT00000037111_ENSCING00000020659,1.0,0.67,0.6,0.57,0.45,0.17
ENSCINT00000036065_ENSCING00000020659,0.67,1.0,0.63,0.51,0.43,0.16
ENSCINT00000030888_ENSCING00000021472,0.6,0.63,1.0,0.51,0.59,0.18
ENSCINT00000034633_ENSCING00000023880,0.57,0.51,0.51,1.0,0.37,0.12
ENSCSAVT00000009650_ENSCSAVG00000005601,0.45,0.43,0.59,0.37,1.0,0.19
F16F9.4.1_WBGene00017515,0.17,0.16,0.18,0.12,0.19,1.0
