,ENSCSAVT00000020301_ENSCSAVG00000011792,ENSCINT00000034425_ENSCING00000020330,FBtr0075821_FBgn0036369,FBtr0331535_FBgn0036369,FBtr0075820_FBgn0036369,FBtr0075823_FBgn0036369,FBtr0345364_FBgn0036369,FBtr0075822_FBgn0036369
ENSCSAVT00000020301_ENSCSAVG00000011792,1.0,0.79,0.29,0.24,0.26,0.27,0.26,0.29
ENSCINT00000034425_ENSCING00000020330,0.79,1.0,0.32,0.25,0.28,0.28,0.28,0.32
FBtr0075821_FBgn0036369,0.29,0.32,1.0,0.43,0.5,0.89,0.5,1.0
FBtr0331535_FBgn0036369,0.24,0.25,0.43,1.0,0.91,0.5,0.91,0.43
FBtr0075820_FBgn0036369,0.26,0.28,0.5,0.91,1.0,0.43,0.99,0.5
FBtr0075823_FBgn0036369,0.27,0.28,0.89,0.5,0.43,1.0,0.43,0.89
FBtr0345364_FBgn0036369,0.26,0.28,0.5,0.91,0.99,0.43,1.0,0.5
FBtr0075822_FBgn0036369,0.29,0.32,1.0,0.43,0.5,0.89,0.5,1.0
