,ENSARWT00000008419_ENSARWG00000005153,ENSARWT00000008421_ENSARWG00000005153,ENSAHAT00000027657_ENSAHAG00000017262,ENSAHAT00000027702_ENSAHAG00000017262,ENSAHAT00000027742_ENSAHAG00000017262,ENSAHAT00000027743_ENSAHAG00000017262,ENSAHAT00000027755_ENSAHAG00000017262,ENSDNVT00000019123_ENSDNVG00000009941
ENSARWT00000008419_ENSARWG00000005153,1.0,0.94,0.88,0.91,0.89,0.94,0.8,0.81
ENSARWT00000008421_ENSARWG00000005153,0.94,1.0,0.85,0.86,0.87,1.0,0.86,0.78
ENSAHAT00000027657_ENSAHAG00000017262,0.88,0.85,1.0,0.9,0.86,0.85,0.76,0.76
ENSAHAT00000027702_ENSAHAG00000017262,0.91,0.86,0.9,1.0,0.88,0.86,0.76,0.79
ENSAHAT00000027742_ENSAHAG00000017262,0.89,0.87,0.86,0.88,1.0,0.87,0.76,0.79
ENSAHAT00000027743_ENSAHAG00000017262,0.94,1.0,0.85,0.86,0.87,1.0,0.86,0.78
ENSAHAT00000027755_ENSAHAG00000017262,0.8,0.86,0.76,0.76,0.76,0.86,1.0,0.67
ENSDNVT00000019123_ENSDNVG00000009941,0.81,0.78,0.76,0.79,0.79,0.78,0.67,1.0
