,ENSCMIT00000022759_ENSCMIG00000010063,ENSCMIT00000022763_ENSCMIG00000010063,ENSCMIT00000022768_ENSCMIG00000010063,ENSDCDT00000071345_ENSDCDG00000034218,ENSDCDT00000071348_ENSDCDG00000034218,ENSAMXT00000025426_ENSAMXG00000024703
ENSCMIT00000022759_ENSCMIG00000010063,1.0,0.95,0.96,0.52,0.52,0.58
ENSCMIT00000022763_ENSCMIG00000010063,0.95,1.0,0.91,0.57,0.57,0.63
ENSCMIT00000022768_ENSCMIG00000010063,0.96,0.91,1.0,0.5,0.51,0.55
ENSDCDT00000071345_ENSDCDG00000034218,0.52,0.57,0.5,1.0,0.68,0.5
ENSDCDT00000071348_ENSDCDG00000034218,0.52,0.57,0.51,0.68,1.0,0.66
ENSAMXT00000025426_ENSAMXG00000024703,0.58,0.63,0.55,0.5,0.66,1.0
