,ENSAOWT00000031447_ENSAOWG00000018702,ENSAOWT00000031449_ENSAOWG00000018702,ENSAHAT00000012114_ENSAHAG00000007915,ENSAHAT00000012120_ENSAHAG00000007915,ENSARWT00000016526_ENSARWG00000010014,ENSARWT00000016527_ENSARWG00000010014,ENSDNVT00000006004_ENSDNVG00000003563,ENSDNVT00000006012_ENSDNVG00000003563,ENSNPET00000017219_ENSNPEG00000012509
ENSAOWT00000031447_ENSAOWG00000018702,1.0,0.6,1.0,0.6,1.0,0.6,0.44,0.55,0.36
ENSAOWT00000031449_ENSAOWG00000018702,0.6,1.0,0.6,1.0,0.6,1.0,0.62,0.52,0.56
ENSAHAT00000012114_ENSAHAG00000007915,1.0,0.6,1.0,0.6,1.0,0.6,0.44,0.55,0.36
ENSAHAT00000012120_ENSAHAG00000007915,0.6,1.0,0.6,1.0,0.6,1.0,0.62,0.52,0.56
ENSARWT00000016526_ENSARWG00000010014,1.0,0.6,1.0,0.6,1.0,0.6,0.44,0.55,0.36
ENSARWT00000016527_ENSARWG00000010014,0.6,1.0,0.6,1.0,0.6,1.0,0.62,0.52,0.56
ENSDNVT00000006004_ENSDNVG00000003563,0.44,0.62,0.44,0.62,0.44,0.62,1.0,0.41,0.43
ENSDNVT00000006012_ENSDNVG00000003563,0.55,0.52,0.55,0.52,0.55,0.52,0.41,1.0,0.33
ENSNPET00000017219_ENSNPEG00000012509,0.36,0.56,0.36,0.56,0.36,0.56,0.43,0.33,1.0
