,FBtr0083435_FBgn0262871,FBtr0306209_FBgn0262871,FBtr0306210_FBgn0262871,FBtr0330037_FBgn0262871,FBtr0077341_FBgn0031098,ENSCSAVT00000012453_ENSCSAVG00000007242,ENSCINT00000008658_ENSCING00000004187
FBtr0083435_FBgn0262871,1.0,0.64,0.64,0.86,0.06,0.19,0.25
FBtr0306209_FBgn0262871,0.64,1.0,0.92,0.56,0.06,0.19,0.25
FBtr0306210_FBgn0262871,0.64,0.92,1.0,0.56,0.06,0.19,0.25
FBtr0330037_FBgn0262871,0.86,0.56,0.56,1.0,0.12,0.17,0.22
FBtr0077341_FBgn0031098,0.06,0.06,0.06,0.12,1.0,1e-18,1e-18
ENSCSAVT00000012453_ENSCSAVG00000007242,0.19,0.19,0.19,0.17,1e-18,1.0,0.5
ENSCINT00000008658_ENSCING00000004187,0.25,0.25,0.25,0.22,1e-18,0.5,1.0
