,ENSPCIT00000034981_ENSPCIG00000021218,ENSVURT00010022806_ENSVURG00010015328,ENSSHAT00000016077_ENSSHAG00000013581,ENSSHAT00000016078_ENSSHAG00000013581,ENSMODT00000057401_ENSMODG00000016890,ENSMODT00000086142_ENSMODG00000016890,ENSMODT00000075926_ENSMODG00000016890,ENSMODT00000021451_ENSMODG00000016890
ENSPCIT00000034981_ENSPCIG00000021218,1.0,0.94,0.91,0.75,0.7,0.65,0.6,0.76
ENSVURT00010022806_ENSVURG00010015328,0.94,1.0,0.9,0.75,0.69,0.64,0.6,0.76
ENSSHAT00000016077_ENSSHAG00000013581,0.91,0.9,1.0,0.81,0.68,0.64,0.59,0.74
ENSSHAT00000016078_ENSSHAG00000013581,0.75,0.75,0.81,1.0,0.64,0.63,0.59,0.68
ENSMODT00000057401_ENSMODG00000016890,0.7,0.69,0.68,0.64,1.0,0.87,0.78,0.7
ENSMODT00000086142_ENSMODG00000016890,0.65,0.64,0.64,0.63,0.87,1.0,0.87,0.67
ENSMODT00000075926_ENSMODG00000016890,0.6,0.6,0.59,0.59,0.78,0.87,1.0,0.66
ENSMODT00000021451_ENSMODG00000016890,0.76,0.76,0.74,0.68,0.7,0.67,0.66,1.0
