,ENSMMOT00000016259_ENSMMOG00000012202,ENSAOCT00000028696_ENSAOCG00000024224,ENSLCRT00005057447_ENSLCRG00005021042,ENSLCRT00005057450_ENSLCRG00005021042,ENSCINT00000011002_ENSCING00000005353,C43G2.5a.1_WBGene00006621,C43G2.5b.1_WBGene00006621
ENSMMOT00000016259_ENSMMOG00000012202,1.0,0.56,1e-18,0.15,0.18,0.2,0.15
ENSAOCT00000028696_ENSAOCG00000024224,0.56,1.0,1e-18,0.17,0.2,0.22,0.17
ENSLCRT00005057447_ENSLCRG00005021042,1e-18,1e-18,1.0,0.07,0.06,1e-18,0.07
ENSLCRT00005057450_ENSLCRG00005021042,0.15,0.17,0.07,1.0,0.25,0.14,0.25
ENSCINT00000011002_ENSCING00000005353,0.18,0.2,0.06,0.25,1.0,0.29,0.36
C43G2.5a.1_WBGene00006621,0.2,0.22,1e-18,0.14,0.29,1.0,0.42
C43G2.5b.1_WBGene00006621,0.15,0.17,0.07,0.25,0.36,0.42,1.0
