,ENSPTRT00000100523_ENSPTRG00000018858,ENSPTRT00000034833_ENSPTRG00000018858,ENSPPAT00000052116_ENSPPAG00000037640,ENST00000356714_ENSG00000106268,ENST00000397046_ENSG00000106268,ENST00000397048_ENSG00000106268,ENST00000454650_ENSG00000106268,ENST00000343985_ENSG00000106268,ENST00000339737_ENSG00000106268
ENSPTRT00000100523_ENSPTRG00000018858,1.0,0.76,0.94,0.75,0.75,1.0,0.19,1.0,0.75
ENSPTRT00000034833_ENSPTRG00000018858,0.76,1.0,0.71,0.66,0.66,0.76,0.15,0.76,0.66
ENSPPAT00000052116_ENSPPAG00000037640,0.94,0.71,1.0,0.74,0.74,0.93,0.19,0.93,0.74
ENST00000356714_ENSG00000106268,0.75,0.66,0.74,1.0,1.0,0.75,0.27,0.75,1.0
ENST00000397046_ENSG00000106268,0.75,0.66,0.74,1.0,1.0,0.75,0.27,0.75,1.0
ENST00000397048_ENSG00000106268,1.0,0.76,0.93,0.75,0.75,1.0,0.19,1.0,0.75
ENST00000454650_ENSG00000106268,0.19,0.15,0.19,0.27,0.27,0.19,1.0,0.19,0.27
ENST00000343985_ENSG00000106268,1.0,0.76,0.93,0.75,0.75,1.0,0.19,1.0,0.75
ENST00000339737_ENSG00000106268,0.75,0.66,0.74,1.0,1.0,0.75,0.27,0.75,1.0
