,ENSCHOT00000010651_ENSCHOG00000010617,ENSPCIT00000067150_ENSPCIG00000035888,ENSTBET00000011105_ENSTBEG00000011084,ENSLSDT00000015479_ENSLSDG00000009833,ENSMVIT00005029240_ENSMVIG00005018150,ENSCPGT00000009018_ENSCPGG00000005851,ENSCINT00000033530_ENSCING00000025095
ENSCHOT00000010651_ENSCHOG00000010617,1.0,0.43,0.19,0.32,0.3,0.2,0.17
ENSPCIT00000067150_ENSPCIG00000035888,0.43,1.0,0.18,0.39,0.27,0.26,0.17
ENSTBET00000011105_ENSTBEG00000011084,0.19,0.18,1.0,0.28,0.26,0.25,0.08
ENSLSDT00000015479_ENSLSDG00000009833,0.32,0.39,0.28,1.0,0.6,0.51,0.15
ENSMVIT00005029240_ENSMVIG00005018150,0.3,0.27,0.26,0.6,1.0,0.56,0.15
ENSCPGT00000009018_ENSCPGG00000005851,0.2,0.26,0.25,0.51,0.56,1.0,0.15
ENSCINT00000033530_ENSCING00000025095,0.17,0.17,0.08,0.15,0.15,0.15,1.0
