,ENSVURT00010031792_ENSVURG00010021355,ENSPCIT00000041996_ENSPCIG00000025273,ENSSHAT00000018586_ENSSHAG00000015647,ENSMODT00000041982_ENSMODG00000029268,ENSPVAT00000017746_ENSPVAG00000017747,ENSMLUT00000009611_ENSMLUG00000009623,ENSUMAT00000016818_ENSUMAG00000010435,ENSUAMT00000011591_ENSUAMG00000008493,ENSAMET00000018007_ENSAMEG00000016373
ENSVURT00010031792_ENSVURG00010021355,1.0,0.58,0.36,0.7,0.33,0.7,0.7,0.4,0.7
ENSPCIT00000041996_ENSPCIG00000025273,0.58,1.0,0.31,0.58,0.29,0.58,0.58,0.33,0.58
ENSSHAT00000018586_ENSSHAG00000015647,0.36,0.31,1.0,0.36,0.19,0.36,0.36,0.21,0.36
ENSMODT00000041982_ENSMODG00000029268,0.7,0.58,0.36,1.0,0.33,0.7,0.7,0.4,0.7
ENSPVAT00000017746_ENSPVAG00000017747,0.33,0.29,0.19,0.33,1.0,0.33,0.33,0.3,0.33
ENSMLUT00000009611_ENSMLUG00000009623,0.7,0.58,0.36,0.7,0.33,1.0,0.7,0.4,0.7
ENSUMAT00000016818_ENSUMAG00000010435,0.7,0.58,0.36,0.7,0.33,0.7,1.0,0.4,0.7
ENSUAMT00000011591_ENSUAMG00000008493,0.4,0.33,0.21,0.4,0.3,0.4,0.4,1.0,0.4
ENSAMET00000018007_ENSAMEG00000016373,0.7,0.58,0.36,0.7,0.33,0.7,0.7,0.4,1.0
