,FBtr0306155_FBgn0036510,FBtr0075561_FBgn0036510,FBtr0306154_FBgn0036510,FBtr0331934_FBgn0036510,FBtr0306156_FBgn0036510,H38K22.2a.1_WBGene00010428,H38K22.2b.1_WBGene00010428,ENSCINT00000012690_ENSCING00000006132,ENSCSAVT00000018215_ENSCSAVG00000010611
FBtr0306155_FBgn0036510,1.0,0.72,0.79,0.72,0.79,0.15,0.2,0.14,0.3
FBtr0075561_FBgn0036510,0.72,1.0,0.8,1.0,0.8,0.12,0.16,0.2,0.44
FBtr0306154_FBgn0036510,0.79,0.8,1.0,0.8,1.0,0.12,0.16,0.15,0.3
FBtr0331934_FBgn0036510,0.72,1.0,0.8,1.0,0.8,0.12,0.16,0.2,0.44
FBtr0306156_FBgn0036510,0.79,0.8,1.0,0.8,1.0,0.12,0.16,0.15,0.3
H38K22.2a.1_WBGene00010428,0.15,0.12,0.12,0.12,0.12,1.0,0.84,0.34,0.39
H38K22.2b.1_WBGene00010428,0.2,0.16,0.16,0.16,0.16,0.84,1.0,0.3,0.34
ENSCINT00000012690_ENSCING00000006132,0.14,0.2,0.15,0.2,0.15,0.34,0.3,1.0,0.5
ENSCSAVT00000018215_ENSCSAVG00000010611,0.3,0.44,0.3,0.44,0.3,0.39,0.34,0.5,1.0
