,ENSFDAT00000008399_ENSFDAG00000005457,ENSFDAT00000006570_ENSFDAG00000004168,ENSFDAT00000022797_ENSFDAG00000017749,ENSCPOT00000031182_ENSCPOG00000038179,ENSCPOT00000042963_ENSCPOG00000032344,ENSCLAT00000016083_ENSCLAG00000010953,ENSCPOT00000039542_ENSCPOG00000035612
ENSFDAT00000008399_ENSFDAG00000005457,1.0,0.73,0.12,0.57,0.57,0.57,0.57
ENSFDAT00000006570_ENSFDAG00000004168,0.73,1.0,0.08,0.52,0.52,0.53,0.52
ENSFDAT00000022797_ENSFDAG00000017749,0.12,0.08,1.0,0.28,0.28,0.29,0.28
ENSCPOT00000031182_ENSCPOG00000038179,0.57,0.52,0.28,1.0,0.96,0.94,0.95
ENSCPOT00000042963_ENSCPOG00000032344,0.57,0.52,0.28,0.96,1.0,0.93,0.94
ENSCLAT00000016083_ENSCLAG00000010953,0.57,0.53,0.29,0.94,0.93,1.0,0.96
ENSCPOT00000039542_ENSCPOG00000035612,0.57,0.52,0.28,0.95,0.94,0.96,1.0
