,ENSCPGT00000023078_ENSCPGG00000014711,ENSCPGT00000023080_ENSCPGG00000014711,ENSCPUT00000030793_ENSCPUG00000017600,ENSZALT00000017376_ENSZALG00000010610,ENSZALT00000017377_ENSZALG00000010610,ENSSCAT00000008539_ENSSCAG00000005801
ENSCPGT00000023078_ENSCPGG00000014711,1.0,0.88,0.81,0.77,0.87,0.84
ENSCPGT00000023080_ENSCPGG00000014711,0.88,1.0,0.9,0.68,0.79,0.75
ENSCPUT00000030793_ENSCPUG00000017600,0.81,0.9,1.0,0.77,0.74,0.84
ENSZALT00000017376_ENSZALG00000010610,0.77,0.68,0.77,1.0,0.77,0.87
ENSZALT00000017377_ENSZALG00000010610,0.87,0.79,0.74,0.77,1.0,0.83
ENSSCAT00000008539_ENSSCAG00000005801,0.84,0.75,0.84,0.87,0.83,1.0
