,Y65B4A.6a.1_WBGene00022029,Y65B4A.6b.1_WBGene00022029,F33D11.10.1_WBGene00018007,FBtr0081834_FBgn0037573,ENSOART00000002341_ENSOARG00000002169,ENSOART00000005602_ENSOARG00000005144,ENSCHIT00000036887_ENSCHIG00000024284
Y65B4A.6a.1_WBGene00022029,1.0,0.59,0.59,0.16,0.16,0.59,0.16
Y65B4A.6b.1_WBGene00022029,0.59,1.0,0.59,0.17,0.17,0.58,0.17
F33D11.10.1_WBGene00018007,0.59,0.59,1.0,0.16,0.16,0.59,0.16
FBtr0081834_FBgn0037573,0.16,0.17,0.16,1.0,0.26,0.16,0.26
ENSOART00000002341_ENSOARG00000002169,0.16,0.17,0.16,0.26,1.0,0.16,0.95
ENSOART00000005602_ENSOARG00000005144,0.59,0.58,0.59,0.16,0.16,1.0,0.16
ENSCHIT00000036887_ENSCHIG00000024284,0.16,0.17,0.16,0.26,0.95,0.16,1.0
