,FBtr0082591_FBgn0038049,FBtr0344340_FBgn0039531,FBtr0085199_FBgn0039531,F43H9.1a.1_WBGene00001152,F43H9.1b.1_WBGene00001152,ENSCINT00000007451_ENSCING00000003611,ENSCSAVT00000014176_ENSCSAVG00000008220,ENSCSAVT00000014177_ENSCSAVG00000008220
FBtr0082591_FBgn0038049,1.0,0.45,0.45,0.33,0.37,0.17,0.11,0.17
FBtr0344340_FBgn0039531,0.45,1.0,0.83,0.38,0.45,0.2,0.15,0.21
FBtr0085199_FBgn0039531,0.45,0.83,1.0,0.38,0.45,0.2,0.15,0.21
F43H9.1a.1_WBGene00001152,0.33,0.38,0.38,1.0,0.71,0.24,0.16,0.26
F43H9.1b.1_WBGene00001152,0.37,0.45,0.45,0.71,1.0,0.26,0.2,0.3
ENSCINT00000007451_ENSCING00000003611,0.17,0.2,0.2,0.24,0.26,1.0,0.6,0.44
ENSCSAVT00000014176_ENSCSAVG00000008220,0.11,0.15,0.15,0.16,0.2,0.6,1.0,0.58
ENSCSAVT00000014177_ENSCSAVG00000008220,0.17,0.21,0.21,0.26,0.3,0.44,0.58,1.0
