,C27H6.8.1_WBGene00007787,FBtr0081964_FBgn0037652,FBtr0081962_FBgn0037652,FBtr0081963_FBgn0037652,ENSEBUT00000016635_ENSEBUG00000010099,ENSPVIT00000011071_ENSPVIG00000006949,ENSACAT00000005480_ENSACAG00000005470,ENSNSUT00000004078_ENSNSUG00000003053
C27H6.8.1_WBGene00007787,1.0,0.59,0.54,0.54,0.56,0.57,0.56,0.62
FBtr0081964_FBgn0037652,0.59,1.0,0.7,0.7,0.65,0.57,0.57,0.63
FBtr0081962_FBgn0037652,0.54,0.7,1.0,0.85,0.59,0.56,0.56,0.57
FBtr0081963_FBgn0037652,0.54,0.7,0.85,1.0,0.59,0.56,0.56,0.57
ENSEBUT00000016635_ENSEBUG00000010099,0.56,0.65,0.59,0.59,1.0,0.57,0.56,0.61
ENSPVIT00000011071_ENSPVIG00000006949,0.57,0.57,0.56,0.56,0.57,1.0,0.87,0.74
ENSACAT00000005480_ENSACAG00000005470,0.56,0.57,0.56,0.56,0.56,0.87,1.0,0.74
ENSNSUT00000004078_ENSNSUG00000003053,0.62,0.63,0.57,0.57,0.61,0.74,0.74,1.0
