,ENSEBUT00000023192_ENSEBUG00000013929,ENSEBUT00000023222_ENSEBUG00000013929,ENSEBUT00000023258_ENSEBUG00000013929,ENSEBUT00000023292_ENSEBUG00000013929,ENSLOCT00000012334_ENSLOCG00000010061,ENSECRT00000001604_ENSECRG00000001110
ENSEBUT00000023192_ENSEBUG00000013929,1.0,0.96,0.91,0.88,0.4,0.45
ENSEBUT00000023222_ENSEBUG00000013929,0.96,1.0,0.91,0.88,0.4,0.45
ENSEBUT00000023258_ENSEBUG00000013929,0.91,0.91,1.0,0.91,0.37,0.43
ENSEBUT00000023292_ENSEBUG00000013929,0.88,0.88,0.91,1.0,0.37,0.42
ENSLOCT00000012334_ENSLOCG00000010061,0.4,0.4,0.37,0.37,1.0,0.55
ENSECRT00000001604_ENSECRG00000001110,0.45,0.45,0.43,0.42,0.55,1.0
