,ENSDNVT00000015227_ENSDNVG00000008921,ENSNPET00000009949_ENSNPEG00000007283,ENSLCOT00000023027_ENSLCOG00000015380,ENSJHYT00000026341_ENSJHYG00000016503,ENSZALT00000018402_ENSZALG00000011230,ENSSCAT00000008081_ENSSCAG00000005491
ENSDNVT00000015227_ENSDNVG00000008921,1.0,0.76,0.61,0.74,0.55,0.67
ENSNPET00000009949_ENSNPEG00000007283,0.76,1.0,0.7,0.75,0.63,0.83
ENSLCOT00000023027_ENSLCOG00000015380,0.61,0.7,1.0,0.55,0.83,0.72
ENSJHYT00000026341_ENSJHYG00000016503,0.74,0.75,0.55,1.0,0.61,0.66
ENSZALT00000018402_ENSZALG00000011230,0.55,0.63,0.83,0.61,1.0,0.65
ENSSCAT00000008081_ENSSCAG00000005491,0.67,0.83,0.72,0.66,0.65,1.0
