,ENSDCDT00000068482_ENSDCDG00000033186,ENSDCDT00000068485_ENSDCDG00000033186,ENSDCDT00000068490_ENSDCDG00000033186,ENSCHAT00000045607_ENSCHAG00000019681,ENSCHAT00000045629_ENSCHAG00000019681,ENSAMXT00000015984_ENSAMXG00000015514,ENSAMXT00000049956_ENSAMXG00000015514
ENSDCDT00000068482_ENSDCDG00000033186,1.0,0.5,0.82,0.79,0.67,0.73,0.68
ENSDCDT00000068485_ENSDCDG00000033186,0.5,1.0,0.41,0.45,0.33,0.48,0.43
ENSDCDT00000068490_ENSDCDG00000033186,0.82,0.41,1.0,0.7,0.59,0.65,0.66
ENSCHAT00000045607_ENSCHAG00000019681,0.79,0.45,0.7,1.0,0.79,0.73,0.66
ENSCHAT00000045629_ENSCHAG00000019681,0.67,0.33,0.59,0.79,1.0,0.61,0.55
ENSAMXT00000015984_ENSAMXG00000015514,0.73,0.48,0.65,0.73,0.61,1.0,0.83
ENSAMXT00000049956_ENSAMXG00000015514,0.68,0.43,0.66,0.66,0.55,0.83,1.0
