,ENSPTRT00000095199_ENSPTRG00000052425,ENSPPAT00000059294_ENSPPAG00000040973,ENSGGOT00000051921_ENSGGOG00000041251,ENSNLET00000058680_ENSNLEG00000028625,ENSMFAT00000018261_ENSMFAG00000039363,ENSPANT00000045491_ENSPANG00000034869
ENSPTRT00000095199_ENSPTRG00000052425,1.0,1.0,0.56,0.56,0.99,0.99
ENSPPAT00000059294_ENSPPAG00000040973,1.0,1.0,0.56,0.56,0.99,0.99
ENSGGOT00000051921_ENSGGOG00000041251,0.56,0.56,1.0,0.58,0.55,0.55
ENSNLET00000058680_ENSNLEG00000028625,0.56,0.56,0.58,1.0,0.56,0.56
ENSMFAT00000018261_ENSMFAG00000039363,0.99,0.99,0.55,0.56,1.0,1.0
ENSPANT00000045491_ENSPANG00000034869,0.99,0.99,0.55,0.56,1.0,1.0
