,ENSACAT00000008437_ENSACAG00000008411,ENSPVIT00000015336_ENSPVIG00000009505,ENSSMRT00000035217_ENSSMRG00000023151,ENSAHAT00000008026_ENSAHAG00000005401,ENSARWT00000009431_ENSARWG00000005779,ENSAOWT00000019114_ENSAOWG00000011499,ENSDNVT00000021314_ENSDNVG00000012397,ENSNPET00000019749_ENSNPEG00000014350
ENSACAT00000008437_ENSACAG00000008411,1.0,0.85,0.85,0.7,0.7,0.68,0.85,0.7
ENSPVIT00000015336_ENSPVIG00000009505,0.85,1.0,0.9,0.75,0.75,0.64,0.95,0.7
ENSSMRT00000035217_ENSSMRG00000023151,0.85,0.9,1.0,0.75,0.75,0.64,0.95,0.75
ENSAHAT00000008026_ENSAHAG00000005401,0.7,0.75,0.75,1.0,1.0,0.7,0.8,0.83
ENSARWT00000009431_ENSARWG00000005779,0.7,0.75,0.75,1.0,1.0,0.7,0.8,0.83
ENSAOWT00000019114_ENSAOWG00000011499,0.68,0.64,0.64,0.7,0.7,1.0,0.64,0.65
ENSDNVT00000021314_ENSDNVG00000012397,0.85,0.95,0.95,0.8,0.8,0.64,1.0,0.75
ENSNPET00000019749_ENSNPEG00000014350,0.7,0.7,0.75,0.83,0.83,0.65,0.75,1.0
