,ENSPKIT00000015543_ENSPKIG00000013884,ENSPKIT00000015574_ENSPKIG00000013884,ENSSFOT00015001837_ENSSFOG00015001227,ENSSFOT00015001848_ENSSFOG00015001227,ENSSFOT00015001868_ENSSFOG00015001227,ENSSFOT00015001881_ENSSFOG00015001227,ENSAMXT00000016956_ENSAMXG00000016463
ENSPKIT00000015543_ENSPKIG00000013884,1.0,0.87,0.010000000000000002,0.78,0.78,0.78,0.74
ENSPKIT00000015574_ENSPKIG00000013884,0.87,1.0,0.02,0.7,0.7,0.7,0.7
ENSSFOT00015001837_ENSSFOG00015001227,0.010000000000000002,0.02,1.0,0.04,0.010000000000000002,0.02,0.010000000000000002
ENSSFOT00015001848_ENSSFOG00015001227,0.78,0.7,0.04,1.0,0.91,0.91,0.79
ENSSFOT00015001868_ENSSFOG00015001227,0.78,0.7,0.010000000000000002,0.91,1.0,0.91,0.79
ENSSFOT00015001881_ENSSFOG00015001227,0.78,0.7,0.02,0.91,0.91,1.0,0.79
ENSAMXT00000016956_ENSAMXG00000016463,0.74,0.7,0.010000000000000002,0.79,0.79,0.79,1.0
