,ENSPKIT00000011100_ENSPKIG00000011191,ENSCHAT00000000261_ENSCHAG00000000130,ENSCHAT00000000277_ENSCHAG00000000130,ENSDCDT00000059811_ENSDCDG00000029911,ENSDCDT00000059814_ENSDCDG00000029911,ENSEEET00000017325_ENSEEEG00000008474,ENSEEET00000017336_ENSEEEG00000008474,ENSIPUT00000030729_ENSIPUG00000019941
ENSPKIT00000011100_ENSPKIG00000011191,1.0,0.43,0.53,0.59,0.47,0.52,0.29,0.58
ENSCHAT00000000261_ENSCHAG00000000130,0.43,1.0,0.48,0.48,0.38,0.43,0.35,0.48
ENSCHAT00000000277_ENSCHAG00000000130,0.53,0.48,1.0,0.61,0.48,0.59,0.26,0.6
ENSDCDT00000059811_ENSDCDG00000029911,0.59,0.48,0.61,1.0,0.64,0.59,0.33,0.67
ENSDCDT00000059814_ENSDCDG00000029911,0.47,0.38,0.48,0.64,1.0,0.49,0.34,0.53
ENSEEET00000017325_ENSEEEG00000008474,0.52,0.43,0.59,0.59,0.49,1.0,0.32,0.6
ENSEEET00000017336_ENSEEEG00000008474,0.29,0.35,0.26,0.33,0.34,0.32,1.0,0.33
ENSIPUT00000030729_ENSIPUG00000019941,0.58,0.48,0.6,0.67,0.53,0.6,0.33,1.0
