,ENSSDAT00000027734_ENSSDAG00000021950,ENSSDAT00000027736_ENSSDAG00000021950,ENSSDAT00000027740_ENSSDAG00000021950,ENSUPAT00010025239_ENSUPAG00010017471,ENSUPAT00010025249_ENSUPAG00010017471,ENSUPAT00010025250_ENSUPAG00010017471,ENSSTOT00000041363_ENSSTOG00000006202,ENSSTOT00000033462_ENSSTOG00000006202,ENSSTOT00000006201_ENSSTOG00000006202
ENSSDAT00000027734_ENSSDAG00000021950,1.0,0.91,0.79,1.0,0.91,0.79,1.0,0.91,0.79
ENSSDAT00000027736_ENSSDAG00000021950,0.91,1.0,0.87,0.91,1.0,0.87,0.91,1.0,0.87
ENSSDAT00000027740_ENSSDAG00000021950,0.79,0.87,1.0,0.79,0.87,1.0,0.79,0.87,1.0
ENSUPAT00010025239_ENSUPAG00010017471,1.0,0.91,0.79,1.0,0.91,0.79,1.0,0.91,0.79
ENSUPAT00010025249_ENSUPAG00010017471,0.91,1.0,0.87,0.91,1.0,0.87,0.91,1.0,0.87
ENSUPAT00010025250_ENSUPAG00010017471,0.79,0.87,1.0,0.79,0.87,1.0,0.79,0.87,1.0
ENSSTOT00000041363_ENSSTOG00000006202,1.0,0.91,0.79,1.0,0.91,0.79,1.0,0.91,0.79
ENSSTOT00000033462_ENSSTOG00000006202,0.91,1.0,0.87,0.91,1.0,0.87,0.91,1.0,0.87
ENSSTOT00000006201_ENSSTOG00000006202,0.79,0.87,1.0,0.79,0.87,1.0,0.79,0.87,1.0
