,ENSPPAT00000015122_ENSPPAG00000013815,ENSPTRT00000097290_ENSPTRG00000043030,ENSGGOT00000030607_ENSGGOG00000023433,ENSPPYT00000017247_ENSPPYG00000014842,ENSTGET00000020818_ENSTGEG00000014106,ENSMNET00000061176_ENSMNEG00000041451,ENSPTET00000020124_ENSPTEG00000015009
ENSPPAT00000015122_ENSPPAG00000013815,1.0,1.0,0.97,0.98,0.97,0.23,0.97
ENSPTRT00000097290_ENSPTRG00000043030,1.0,1.0,0.97,0.98,0.97,0.23,0.97
ENSGGOT00000030607_ENSGGOG00000023433,0.97,0.97,1.0,0.98,0.97,0.23,0.97
ENSPPYT00000017247_ENSPPYG00000014842,0.98,0.98,0.98,1.0,0.98,0.24,0.98
ENSTGET00000020818_ENSTGEG00000014106,0.97,0.97,0.97,0.98,1.0,0.25,0.99
ENSMNET00000061176_ENSMNEG00000041451,0.23,0.23,0.23,0.24,0.25,1.0,0.24
ENSPTET00000020124_ENSPTEG00000015009,0.97,0.97,0.97,0.98,0.99,0.24,1.0
