,ENSSPAT00000016482_ENSSPAG00000012224,ENSAPOT00000026793_ENSAPOG00000020720,ENSSPAT00000020961_ENSSPAG00000015571,ENSAOCT00000020714_ENSAOCG00000001211,ENSAPET00000000200_ENSAPEG00000000147,ENSAPOT00000025767_ENSAPOG00000019840,ENSAPOT00000029105_ENSAPOG00000022693,ENSAPET00000006587_ENSAPEG00000004619
ENSSPAT00000016482_ENSSPAG00000012224,1.0,0.67,0.22,0.83,0.83,0.6,0.68,0.73
ENSAPOT00000026793_ENSAPOG00000020720,0.67,1.0,0.18,0.71,0.71,0.56,0.57,0.58
ENSSPAT00000020961_ENSSPAG00000015571,0.22,0.18,1.0,0.25,0.25,0.32,0.23,0.25
ENSAOCT00000020714_ENSAOCG00000001211,0.83,0.71,0.25,1.0,0.95,0.62,0.66,0.71
ENSAPET00000000200_ENSAPEG00000000147,0.83,0.71,0.25,0.95,1.0,0.62,0.66,0.71
ENSAPOT00000025767_ENSAPOG00000019840,0.6,0.56,0.32,0.62,0.62,1.0,0.63,0.66
ENSAPOT00000029105_ENSAPOG00000022693,0.68,0.57,0.23,0.66,0.66,0.63,1.0,0.7
ENSAPET00000006587_ENSAPEG00000004619,0.73,0.58,0.25,0.71,0.71,0.66,0.7,1.0
