,ENSPCIT00000030194_ENSPCIG00000018469,ENSMEUT00000014506_ENSMEUG00000014457,ENSMODT00000010571_ENSMODG00000008341,ENSCHIT00000011468_ENSCHIG00000008308,ENSCHIT00000011479_ENSCHIG00000008308,ENSBMUT00000023006_ENSBMUG00000015018,ENSBMUT00000023009_ENSBMUG00000015018
ENSPCIT00000030194_ENSPCIG00000018469,1.0,0.3,0.77,0.79,0.79,0.75,0.45
ENSMEUT00000014506_ENSMEUG00000014457,0.3,1.0,0.19,0.21,0.21,0.22,0.18
ENSMODT00000010571_ENSMODG00000008341,0.77,0.19,1.0,0.85,0.84,0.78,0.49
ENSCHIT00000011468_ENSCHIG00000008308,0.79,0.21,0.85,1.0,0.95,0.87,0.56
ENSCHIT00000011479_ENSCHIG00000008308,0.79,0.21,0.84,0.95,1.0,0.87,0.56
ENSBMUT00000023006_ENSBMUG00000015018,0.75,0.22,0.78,0.87,0.87,1.0,0.64
ENSBMUT00000023009_ENSBMUG00000015018,0.45,0.18,0.49,0.56,0.56,0.64,1.0
