,ENSPMJT00000007734_ENSPMJG00000004724,ENSPMJT00000007739_ENSPMJG00000004724,ENSSCAT00000010379_ENSSCAG00000007018,ENSSCAT00000010383_ENSSCAG00000007018,ENSGALT00000000410_ENSGALG00000000309,ENSGALT00000096813_ENSGALG00000000309,ENSXETT00000021698_ENSXETG00000011382
ENSPMJT00000007734_ENSPMJG00000004724,1.0,0.84,0.61,0.56,0.76,0.56,0.49
ENSPMJT00000007739_ENSPMJG00000004724,0.84,1.0,0.55,0.5,0.8,0.54,0.52
ENSSCAT00000010379_ENSSCAG00000007018,0.61,0.55,1.0,0.87,0.57,0.37,0.36
ENSSCAT00000010383_ENSSCAG00000007018,0.56,0.5,0.87,1.0,0.52,0.4,0.34
ENSGALT00000000410_ENSGALG00000000309,0.76,0.8,0.57,0.52,1.0,0.66,0.58
ENSGALT00000096813_ENSGALG00000000309,0.56,0.54,0.37,0.4,0.66,1.0,0.38
ENSXETT00000021698_ENSXETG00000011382,0.49,0.52,0.36,0.34,0.58,0.38,1.0
