,ENSSTOT00000005603_ENSSTOG00000005523,ENSDORT00000026732_ENSDORG00000026075,ENSCLAT00000019488_ENSCLAG00000013223,ENSFDAT00000020458_ENSFDAG00000015812,ENSCPOT00000007228_ENSCPOG00000007157,ENSMAUT00000026513_ENSMAUG00000019908
ENSSTOT00000005603_ENSSTOG00000005523,1.0,0.93,0.94,0.84,0.94,0.91
ENSDORT00000026732_ENSDORG00000026075,0.93,1.0,0.92,0.81,0.92,0.9
ENSCLAT00000019488_ENSCLAG00000013223,0.94,0.92,1.0,0.86,0.96,0.92
ENSFDAT00000020458_ENSFDAG00000015812,0.84,0.81,0.86,1.0,0.85,0.81
ENSCPOT00000007228_ENSCPOG00000007157,0.94,0.92,0.96,0.85,1.0,0.92
ENSMAUT00000026513_ENSMAUG00000019908,0.91,0.9,0.92,0.81,0.92,1.0
